0.0	0.0	0.0	0.0	0.0	0.0	0.0	0.0	0.0	0.0	0.0	0.0	0.0	0.0	0.0	0.0	0.0	0.0	0.0	0.031914894	0.0	0.0	0.04761905	0.0	0.0	0.0	0.0	0.0	0.0	0.0	0.0	0.0	0.0	0.0	0.0	0.0	0.0	0.0	0.0	0.020833334	0.008474576	0.0	0.0	0.0	0.0	0.03125	0.0	0.0	0.0	0.0	0.0	0.0	1.0	0.5	0.0	0.0	0.0	0.0	0.9519231	0.0	0.0	0.0	0.009615385	0.0	0.0	0.0	0.0	0.0	0.0	0.0	0.0	0.0	0.07272727	0.0	0.0	0.0	0.0	0.0	0.0	0.0	0.0	0.0	0.0	0.020618556	0.0	0.0	0.0	0.0	0.0	0.0	0.03448276	0.0	0.011494253	0.0	0.0	0.0	0.0	0.0	0.0	0.01923077
0.0	0.0	0.0	0.0	0.0	0.0	0.0	0.0	0.0	0.0	0.0	0.0	0.0	0.0	0.0	0.0	0.0	0.0	0.0	0.07272727	0.0078125	0.0	0.0	0.0	0.0	0.0	0.0	0.0	0.0	0.0	0.0	0.0	0.0	0.0	0.0	0.0	0.0	0.0	0.0	0.0	0.0	0.0	0.0	0.0	0.0	0.01	0.0	0.0	0.0	0.03409091	0.0	0.0	1.0	0.5222222	0.0	0.0	0.0	0.0	0.872549	0.0	0.0	0.0	0.04901961	0.0	0.0	0.0	0.0	0.0	0.0	0.0	0.0	0.0	0.05102041	0.0	0.0	0.0	0.0	0.0	0.0	0.0	0.0	0.0	0.0	0.027272727	0.0	0.0	0.0	0.0	0.0	0.0	0.108333334	0.0	0.0	0.0	0.0	0.0	0.0	0.0	0.0	0.0
0.0	0.0	0.0	0.0	0.0	0.0	0.0	0.0	0.0	0.0	0.0	0.01923077	0.0	0.0	0.0	0.0	0.0	0.0	0.0	0.03846154	0.0	0.0	0.0	0.0	0.0	0.0	0.0	0.0	0.0	0.0	0.0	0.0	0.0	0.0	0.0	0.0	0.0	0.0	0.016129032	0.017857144	0.0	0.0	0.0	0.0	0.0	0.0	0.0	0.0	0.0	0.0	0.0	0.0	1.0	0.43548387	0.0	0.0	0.0	0.0	0.8545455	0.0	0.0	0.0	0.036363635	0.0	0.0	0.0	0.0	0.0	0.0	0.0	0.0	0.0	0.16216215	0.0	0.0	0.0	0.0	0.0	0.0	0.0	0.0	0.0	0.0	0.019607844	0.0	0.0	0.0	0.0	0.0	0.0	0.014705882	0.014705882	0.0	0.0	0.0	0.0	0.0	0.0	0.0	0.0
0.0	0.0	0.0	0.0	0.0	0.0	0.0	0.0	0.0	0.0	0.0	0.0	0.0	0.0	0.0	0.0	0.0	0.0	0.0	0.040816326	0.0	0.0	0.0	0.0	0.009345794	0.0	0.0	0.0	0.010309278	0.0	0.0	0.0	0.0	0.0	0.0	0.0	0.0	0.0	0.0	0.010752688	0.0	0.0	0.0	0.0	0.0	0.032258064	0.0	0.0	0.0	0.008928572	0.0	0.0	1.0	0.45544556	0.0	0.0	0.0	0.0	0.88785046	0.0	0.0	0.0	0.046728972	0.009259259	0.0	0.0	0.0	0.0	0.0	0.0	0.0	0.0	0.043010753	0.0	0.0	0.0	0.0	0.0	0.0	0.0	0.0	0.0	0.010416667	0.0	0.0	0.0	0.0	0.0	0.0	0.0	0.05882353	0.009803922	0.0	0.0	0.0	0.0	0.0	0.0	0.0	0.0
0.0	0.0	0.0	0.0	0.0	0.0	0.0	0.0	0.0	0.0	0.0	0.0	0.0	0.0	0.0	0.0	0.009009009	0.0	0.0	0.018518519	0.010989011	0.0	0.0	0.0	0.010989011	0.0	0.0	0.0	0.0	0.0	0.0	0.0	0.0	0.0	0.0	0.0	0.0	0.0	0.0	0.0	0.0	0.0	0.0	0.0	0.0	0.0	0.0	0.0	0.0	0.0	0.0	0.010416667	1.0	0.44680852	0.0	0.0	0.0	0.0	0.8659794	0.0	0.0	0.0	0.041237112	0.0	0.0	0.0	0.0	0.0	0.0	0.0	0.0	0.0	0.041237112	0.0	0.0	0.0091743115	0.0	0.0	0.0	0.0	0.0	0.0	0.0	0.027522936	0.0	0.0	0.0	0.0	0.0	0.0	0.071428575	0.0	0.0	0.0	0.0	0.0	0.0	0.0	0.0	0.0
0.0	0.0	0.0	0.0	0.0	0.0	0.0	0.0	0.0	0.0	0.0	0.0	0.0	0.0	0.0	0.0	0.0	0.0	0.009090909	0.036363635	0.0	0.0	0.0	0.0	0.012048192	0.0	0.0	0.0	0.010526316	0.0	0.0	0.0	0.0	0.0	0.0	0.0	0.0	0.0	0.0	0.0	0.0	0.0	0.0	0.0	0.009259259	0.0	0.0	0.0	0.018518519	0.0	0.0	0.0	1.0	0.49074075	0.0	0.0	0.0	0.0	0.9032258	0.0	0.0	0.0	0.07526882	0.0	0.0	0.0	0.0	0.0	0.0	0.0	0.0	0.0	0.072916664	0.0	0.0	0.0	0.0	0.0	0.0	0.0	0.0	0.0	0.0	0.018867925	0.0	0.0	0.0	0.0	0.0	0.01010101	0.060606062	0.0	0.0	0.0	0.0	0.0	0.0	0.0	0.0	0.01980198
0.0	0.0	0.0	0.0	0.0	0.0	0.0	0.0	0.0	0.0	0.0	0.0	0.0	0.0	0.0	0.0	0.0	0.0	0.0	0.050847456	0.0	0.0	0.0	0.0	0.0	0.0	0.0	0.0	0.0	0.0	0.0	0.0	0.0	0.0	0.0	0.010416667	0.0	0.0	0.010416667	0.009708738	0.0	0.0	0.0	0.0	0.0	0.058252428	0.0	0.0	0.0	0.01010101	0.0	0.0	1.0	0.46875	0.0	0.0	0.0	0.0	0.86915886	0.0	0.0	0.0	0.06542056	0.0	0.0	0.0	0.0	0.0	0.0	0.0	0.0	0.0	0.031914894	0.0	0.0	0.009708738	0.0	0.0	0.0	0.0	0.0	0.0	0.0	0.018181818	0.0	0.0	0.0	0.0	0.0	0.0	0.09195402	0.0	0.0	0.0	0.0	0.0	0.0	0.010869565	0.0	0.0
0.0	0.0	0.0	0.0	0.0	0.0	0.0	0.0	0.0	0.0	0.0	0.0	0.0	0.0	0.0	0.0	0.0	0.0	0.0	0.033333335	0.0	0.0	0.0	0.0	0.0	0.0	0.0	0.0	0.0	0.0	0.0	0.0	0.0	0.0	0.0	0.0	0.0	0.0	0.00990099	0.0	0.0	0.0	0.0	0.0	0.0	0.0	0.0	0.0	0.0	0.0	0.0	0.011235955	1.0	0.46534654	0.0	0.0	0.0	0.0	0.91346157	0.0	0.0	0.0	0.057692308	0.0	0.0	0.0	0.0	0.0	0.0	0.0	0.0	0.0	0.07692308	0.0	0.0	0.0	0.0	0.0	0.0	0.0	0.0	0.0	0.0	0.0	0.0	0.0	0.0	0.0	0.0	0.0	0.074074075	0.0	0.0	0.0	0.0	0.0	0.0	0.0	0.0	0.0
0.0	0.0	0.0	0.0	0.0	0.0	0.0	0.0	0.0	0.0	0.0	0.017391304	0.0	0.0	0.0	0.0	0.0	0.0	0.0	0.04347826	0.0	0.0	0.0	0.0	0.0	0.0	0.0	0.0	0.0	0.0	0.0	0.0	0.0	0.0	0.0	0.0	0.0	0.0	0.0	0.012048192	0.0	0.0	0.0	0.0	0.010204081	0.0	0.0	0.0	0.010204081	0.029126214	0.0	0.0	1.0	0.46938777	0.0	0.0	0.0	0.0	0.85	0.0	0.0	0.0	0.09	0.02173913	0.0	0.0	0.0	0.0	0.0	0.0	0.0	0.0	0.06666667	0.0	0.0	0.0	0.0	0.0	0.0	0.0	0.0	0.0	0.0	0.016528925	0.0	0.0	0.0	0.0	0.0	0.0	0.05102041	0.0	0.0	0.0	0.0	0.0	0.0	0.0	0.0	0.0
0.0	0.0	0.0	0.0	0.0	0.011235955	0.0	0.0	0.0	0.0	0.0	0.0	0.0	0.0	0.0	0.0	0.0	0.0	0.0	0.08791209	0.0	0.0	0.0	0.0	0.0	0.01980198	0.0	0.0	0.0	0.0	0.0	0.0	0.0	0.0	0.0	0.0	0.0	0.0	0.0	0.02	0.0	0.0	0.0	0.0	0.0	0.0	0.01	0.0	0.02020202	0.0	0.0	0.008403362	1.0	0.4848485	0.0	0.0	0.0	0.0	0.8952381	0.0	0.0	0.0	0.03809524	0.0	0.0	0.0	0.0	0.0	0.0	0.0	0.0	0.0	0.1010101	0.0	0.0	0.0	0.0	0.0	0.0	0.0	0.0	0.0	0.0	0.055045873	0.0	0.0	0.0	0.0	0.0	0.0	0.0882353	0.0	0.0	0.0	0.0	0.0	0.0	0.0	0.0	0.0
0.0	0.0	0.0	0.0	0.0	0.0	0.0	0.0	0.0	0.0	0.0	0.0	0.0	0.0	0.0	0.0	0.0	0.0	0.0	0.008474576	0.0	0.0	0.0	0.0	0.021978023	0.0	0.010989011	0.0	0.008695652	0.0	0.0	0.0	0.0	0.0	0.0	0.0	0.0	0.0	0.00862069	0.0	0.0	0.0	0.0	0.0	0.0	0.0	0.00952381	0.0	0.0	0.020833334	0.0	0.0	1.0	0.5	0.0	0.0	0.0	0.0	0.8598131	0.0	0.0	0.0	0.056074765	0.0	0.0	0.0	0.0	0.0	0.0	0.0	0.0	0.0	0.013333334	0.0	0.0	0.0	0.0	0.0	0.0	0.0	0.0	0.0	0.0	0.021276595	0.0	0.0	0.0	0.00990099	0.0	0.0	0.052083332	0.0	0.0	0.0	0.0	0.0	0.0	0.0	0.0	0.0
0.0	0.0	0.0	0.0	0.0	0.0	0.0	0.0	0.0	0.0	0.0	0.0	0.0	0.0	0.0	0.0	0.0	0.0	0.0	0.03846154	0.0	0.0	0.0	0.0	0.0	0.0	0.0	0.0	0.0	0.0	0.0	0.0	0.0	0.0	0.0	0.0	0.0	0.0	0.0	0.0	0.016806724	0.0	0.0	0.0	0.0	0.0	0.0	0.0	0.0	0.0	0.0	0.0	1.0	0.49579832	0.0	0.0	0.0	0.0	0.9292929	0.0	0.0	0.0	0.060606062	0.009433962	0.0	0.0	0.0	0.0	0.0	0.0	0.0	0.0	0.048543688	0.0	0.0	0.0	0.0	0.0	0.0	0.0	0.0	0.0	0.0	0.05940594	0.0	0.0	0.0	0.0	0.0	0.0	0.10185185	0.0	0.0	0.0	0.0	0.0	0.0	0.0	0.0	0.0
0.0	0.0	0.0	0.0	0.0	0.0	0.0	0.0	0.0	0.0	0.0	0.0	0.0	0.0	0.0	0.0	0.0	0.0	0.0	0.027777778	0.0	0.0	0.0	0.0	0.0	0.0	0.0	0.0	0.0	0.0	0.0	0.0	0.0	0.0	0.0	0.0	0.0	0.0	0.0	0.01904762	0.010309278	0.0	0.0	0.0	0.0	0.03809524	0.0	0.0	0.010309278	0.028846154	0.0	0.0	1.0	0.46391752	0.0	0.0	0.0	0.0	0.9886364	0.0	0.0	0.0	0.06818182	0.0	0.0	0.0	0.0	0.0	0.0	0.0	0.0	0.0	0.054347824	0.0	0.0	0.0	0.0	0.0	0.0	0.0	0.0	0.0	0.0	0.06382979	0.0	0.0	0.0	0.0	0.0	0.01010101	0.05050505	0.0	0.0	0.0	0.0	0.0	0.0	0.0	0.0	0.0
0.0	0.0	0.0	0.0	0.0	0.0	0.0	0.0	0.0	0.0	0.0	0.0	0.0	0.0	0.0	0.0	0.0	0.0	0.0	0.042105265	0.0	0.0	0.0	0.0	0.0	0.0	0.0	0.0	0.0	0.0	0.0	0.0	0.0	0.0	0.0	0.0	0.0	0.0	0.0	0.018518519	0.01904762	0.0	0.0	0.0	0.0	0.027777778	0.0	0.0	0.0	0.011235955	0.0	0.0	1.0	0.4857143	0.0	0.0	0.0	0.21348314	0.80898875	0.0	0.0	0.0	0.04494382	0.0	0.0	0.0	0.0	0.0	0.0	0.0	0.0	0.0	0.048780486	0.0	0.0	0.009259259	0.0	0.0	0.0	0.0	0.17777778	0.0	0.0	0.046296295	0.0	0.0	0.0	0.0	0.0	0.0	0.067307696	0.009615385	0.0	0.0	0.0	0.0	0.0	0.0	0.0	0.0
0.0	0.0	0.0	0.0	0.0	0.0	0.0	0.0	0.0	0.0	0.0	0.0	0.0	0.009259259	0.0	0.0	0.0	0.0	0.0	0.027777778	0.0	0.0	0.0	0.0	0.0	0.009090909	0.0	0.0	0.0088495575	0.0	0.0	0.0	0.0	0.0	0.0	0.0	0.0	0.0	0.0	0.0	0.0	0.0	0.0	0.0	0.0	0.0	0.0	0.0	0.0	0.0	0.0	0.0	1.0	0.47	0.0	0.0	0.0	0.0	0.8738739	0.0	0.0	0.0	0.054054055	0.010638298	0.0	0.0	0.0	0.0	0.0	0.0	0.0	0.0	0.08163265	0.0	0.0	0.009259259	0.0	0.0	0.0	0.0	0.0	0.0	0.0	0.009615385	0.0	0.0	0.0	0.0	0.0	0.0	0.11111111	0.0	0.0	0.0	0.0	0.0	0.0	0.0	0.0	0.0
0.0	0.0	0.0	0.009615385	0.01923077	0.0	0.0	0.0	0.0	0.0	0.0	0.0	0.0	0.017094018	0.0	0.017094018	0.010752688	0.0	0.0	0.042735044	0.0	0.0	0.009615385	0.0	0.0	0.0	0.0	0.0	0.0	0.0	0.0	0.0	0.0	0.0	0.0	0.0	0.0	0.0	1.0	0.0	0.0	0.0	0.0	0.0	0.0	0.02020202	0.0	0.02173913	0.010869565	0.022988506	0.0	0.0	1.0	0.48913044	0.0	0.0	0.0	0.0	0.95	0.0	0.0	0.0	0.02	0.0	0.0	0.0	0.0	0.0	0.0	0.0	0.0	0.0	0.1010101	0.0	0.0	0.0	0.0	0.0	0.0	0.009433962	0.0	0.0	0.0	0.0088495575	0.0	0.0	0.0	0.0	0.0	0.01904762	0.01904762	0.0	0.0	0.0	0.0	0.0	0.0	0.0	0.0	0.00952381
0.0	0.0	0.0	0.0	0.0	0.0	0.0	0.0	0.0	0.0	0.0	0.0	0.0	0.0	0.0	0.0	0.0	0.0	0.01980198	0.04950495	0.0	0.0	0.0	0.0	0.0	0.0	0.0	0.0	0.00990099	0.0	0.0	0.0	0.0	0.0	0.0	0.0	0.0	0.0	0.0	0.010526316	0.0	0.0	0.0	0.0	0.0	0.0	0.010526316	0.0	0.02	0.026785715	0.0	0.017857144	1.0	0.46	0.0	0.0	0.0	0.0	0.8541667	0.0	0.0	0.0	0.0625	0.0	0.0	0.0	0.0	0.0	0.01010101	0.0	0.0	0.0	0.036036037	0.0	0.0	0.0	0.0	0.0	0.0	0.0	0.0	0.0	0.0	0.019607844	0.0	0.0	0.0	0.0	0.0	0.0	0.08510638	0.0	0.0	0.0	0.0	0.009803922	0.0	0.0	0.0	0.008547009
0.0	0.0	0.0	0.0	0.0	0.0	0.0	0.0	0.0	0.0	0.0	0.0	0.0	0.0	0.0	0.010204081	0.0	0.0	0.0	0.040816326	0.0	0.0	0.0	0.0	0.0	0.0	0.0	0.0	0.011363637	0.0	0.0	0.0	0.0	0.0	0.0	0.0	0.0	0.0	0.008403362	0.01	0.0	0.0	0.0	0.0	0.008403362	0.0	0.0	0.0	0.008403362	0.0	0.0	0.010526316	1.0	0.48739496	0.0	0.0	0.0	0.0	0.86868685	0.0	0.0	0.0	0.07070707	0.009803922	0.0	0.0	0.0	0.0	0.0	0.0	0.0	0.0	0.10784314	0.0	0.0	0.01010101	0.0	0.0	0.0	0.0	0.0	0.0	0.0	0.018867925	0.0	0.0	0.0	0.0	0.0	0.0	0.117117114	0.009009009	0.0	0.0	0.0	0.0	0.0	0.0	0.0	0.02173913
0.0	0.0	0.0	0.0	0.0	0.0	0.0	0.0	0.0	0.0	0.0	0.0	0.0	0.0	0.0	0.0	0.0	0.0	0.0	0.06779661	0.0	0.0	0.0	0.0	0.0	0.0	0.0	0.0	0.0	0.0	0.0	0.0	0.0	0.0	0.0	0.0	0.0	0.0	0.0	0.0088495575	0.0	0.0	0.0	0.0	0.0	0.0	0.0	0.0	0.01980198	0.0	0.0	0.0121951215	1.0	0.55445546	0.0	0.0	0.0	0.0	0.8659794	0.0	0.0	0.0	0.0927835	0.0	0.0	0.008333334	0.0	0.0	0.0	0.0	0.0	0.0	0.06306306	0.0	0.0	0.0	0.0	0.0	0.0	0.0	0.0	0.0	0.0	0.06363636	0.0	0.0	0.0	0.0	0.0	0.0	0.10204082	0.0	0.0	0.0	0.0	0.0	0.0	0.0	0.0	0.0
0.0	0.0	0.0	0.0	0.0	0.0	0.0	0.0	0.0	0.0	0.0	0.0	0.0	0.0	0.0	0.0	0.0	0.0	0.0	0.07079646	0.0	0.0	0.0	0.0	0.0	0.0	0.0	0.0	0.0	0.0	0.0	0.0	0.0	0.0	0.0	0.0	0.0	0.0	0.0	0.0091743115	0.010416667	0.0	0.0	0.0	0.0	0.0	0.0091743115	0.0	0.010416667	0.0	0.0	0.010416667	1.0	0.47916666	0.0	0.0	0.0	0.0	0.8803419	0.0	0.0	0.0	0.05982906	0.0	0.0	0.0	0.0	0.0	0.0	0.0	0.0	0.0	0.04761905	0.0	0.0	0.0	0.0	0.0	0.0	0.0	0.0	0.0	0.0	0.028846154	0.0	0.0	0.0	0.0	0.0	0.0	0.091836736	0.010204081	0.0	0.0	0.0	0.0	0.0	0.0	0.0	0.0
0.0	0.0	0.0	0.0	0.0	0.0	0.0	0.0	0.0	0.0	0.0	0.0	0.0	0.0	0.0	0.0	0.0	0.0	0.0	0.043010753	0.0	0.0	0.0	0.0	0.0	0.0	0.0	0.0	0.011363637	0.0	0.0	0.0	0.0	0.0	0.0	0.0	0.0	0.0	0.0	0.0	0.010309278	0.0	0.0	0.0	0.0	0.010638298	0.0	0.0	0.020618556	0.0	0.0	0.0	1.0	0.4226804	0.0	0.0	0.0	0.01904762	0.8952381	0.0	0.0	0.0	0.0952381	0.0	0.0	0.0	0.0	0.0	0.0	0.0	0.0	0.0	0.07476635	0.0	0.0	0.0	0.0	0.0	0.0	0.0	0.0	0.0	0.0	0.036036037	0.0	0.0	0.0	0.0	0.0	0.0	0.09375	0.010416667	0.0	0.0	0.0	0.0	0.0	0.0	0.0	0.0
0.0	0.0	0.0	0.0	0.0	0.0	0.0	0.0	0.0	0.0	0.0	0.0	0.0	0.0	0.0	0.00952381	0.0	0.01010101	0.0	0.03809524	0.0	0.0	0.0	0.0	0.0	0.0	0.0	0.0	0.0	0.0	0.0	0.0	0.0	0.0	0.0	0.0	0.0	0.0	0.01980198	0.009090909	0.0	0.0	0.0	0.0	0.0	0.0	0.0	0.0	0.01980198	0.008928572	0.0	0.0	1.0	0.47524753	0.0	0.0	0.0	0.0	0.8773585	0.0	0.0	0.0	0.06603774	0.0	0.0	0.0	0.0	0.0	0.0	0.0	0.0	0.0	0.07	0.0	0.0	0.009433962	0.0	0.0	0.0	0.0	0.0	0.0	0.0	0.030927835	0.0	0.0	0.0	0.0	0.0	0.0	0.042105265	0.0	0.0	0.0	0.0	0.0	0.0	0.0	0.0	0.0
0.0	0.0	0.0	0.0	0.0	0.0	0.0	0.0	0.0	0.0	0.0	0.0	0.0	0.0	0.0	0.0	0.0	0.0	0.0	0.02247191	0.0	0.0	0.0	0.0	0.0	0.0	0.009009009	0.0	0.0	0.0	0.0	0.0	0.0	0.0	0.0	0.0	0.0	0.0	0.0	0.04255319	0.0	0.0	0.0	0.0	0.0	0.0	0.0	0.0	0.019417476	0.0	0.0	0.0	1.0	0.47572815	0.0	0.0	0.0	0.0	0.8468468	0.0	0.0	0.0	0.027027028	0.0	0.0	0.0	0.0	0.0	0.0	0.0	0.0	0.0	0.07526882	0.0	0.0	0.0	0.0	0.0	0.0	0.0	0.0	0.0	0.0	0.027777778	0.0	0.0	0.0	0.009615385	0.0	0.0	0.043956045	0.0	0.0	0.0	0.0	0.0	0.0	0.0	0.0	0.0
0.0	0.0	0.0	0.0	0.0	0.0	0.009345794	0.0	0.009345794	0.0	0.0	0.0	0.0	0.0	0.0	0.0	0.0	0.0	0.0	0.027027028	0.0	0.0	0.0	0.0	0.0	0.009259259	0.0	0.0	0.0	0.0	0.0	0.0	0.0	0.0	0.0	0.0	0.0	0.0	0.0	0.00877193	0.0	0.0	0.0	0.0	0.0	0.01754386	0.0	0.0	0.0	0.012048192	0.0	0.0	1.0	0.48623854	0.0	0.0	0.0	0.0	0.87096775	0.0	0.0	0.0	0.032258064	0.009259259	0.0	0.0	0.0	0.0	0.0	0.0	0.0	0.0	0.076271184	0.0	0.0	0.0	0.0	0.0	0.0	0.0	0.0	0.0	0.0	0.030612245	0.0	0.0	0.0	0.0	0.0	0.0	0.093457945	0.009345794	0.0	0.0	0.0	0.0	0.0	0.0	0.0	0.0
0.0	0.0	0.0	0.0	0.0	0.0	0.0	0.0	0.0	0.0	0.0	0.0	0.0	0.0	0.0	0.0	0.0	0.0	0.0	0.04587156	0.0	0.0	0.0	0.0	0.0	0.009615385	0.009615385	0.0	0.010638298	0.0	0.0	0.0	0.0	0.0	0.0	0.0	0.0	0.0	0.0	0.011235955	0.0	0.0	0.0	0.0	0.0	0.0	0.0	0.0	0.009433962	0.0	0.0	0.0	1.0	0.4811321	0.0	0.0	0.0	0.0	0.8557692	0.0	0.0	0.0	0.048076924	0.009615385	0.0	0.0	0.0	0.0	0.0	0.0	0.0	0.0	0.045045044	0.0	0.0	0.0	0.0	0.0	0.0	0.0	0.0	0.0	0.0	0.037037037	0.0	0.0	0.0	0.0	0.0	0.0	0.026785715	0.0	0.0	0.0	0.0	0.009259259	0.0	0.0	0.0	0.0
0.0	0.0	0.0	0.0	0.0	0.0	0.0091743115	0.0	0.0	0.0	0.0	0.0	0.0	0.0	0.0	0.0	0.009259259	0.0	0.0	0.01980198	0.0	0.0	0.0	0.0	0.0	0.0	0.0	0.0	0.009009009	0.0	0.0	0.0	0.0	0.0	0.0	0.0	0.0	0.0	0.0	0.03125	0.0	0.0	0.0	0.0	0.0	0.03125	0.0	0.0	0.0	0.0	0.0	0.0	1.0	0.45918366	0.0	0.0	0.0	0.0	0.89285713	0.0	0.0	1.0	0.035714287	0.0	0.0	0.0	0.0	0.0	0.0	0.0	0.0	0.0	0.06666667	0.0	0.0	0.0	0.0	0.0	0.0	0.0	0.0	0.0	0.0	0.018018018	0.0	0.0	0.0	0.0	0.0	0.0	0.07692308	0.0	0.0	0.0	0.0	0.009009009	0.0	0.0	0.0	0.0
0.0	0.0	0.0	0.0	0.0	0.0	0.0	0.0	0.0	0.0	0.0	0.0	0.0	0.0	0.0	0.0	0.0	0.0	0.0	0.041237112	0.0	0.0	0.0	0.0	0.0	0.0	0.0	0.0	0.0	0.0	0.0	0.0	0.0	0.0	0.0	0.0	0.0	0.0	0.0	0.0	0.0	0.0	0.0	0.0	0.0	0.0	0.0	0.0	0.009090909	0.010989011	0.0	0.0	1.0	0.48181817	0.0	0.0	0.0	0.0	0.88235295	0.0	0.0	0.0	0.05882353	0.0	0.0	0.0	0.0	0.0	0.0	0.0	0.0	0.0	0.06930693	0.0	0.0	0.0	0.0	0.0	0.0	0.0	0.0	0.0	0.0	0.036363635	0.0	0.0	0.0	0.0	0.0	0.0	0.048076924	0.009615385	0.0	0.0	0.0	0.0	0.0	0.0	0.0	0.0
0.0	0.0	0.0	0.0	0.0	0.0	0.0	0.0	0.0	0.0	0.0	0.0	0.0	0.0	0.0	1.0	1.0	1.0	1.0	1.0	1.0	1.0	1.0	0.0	0.009803922	0.0	0.0	0.0	0.0	0.0	0.0	0.0	0.0	0.0	0.0	0.0	0.0	0.0	0.0	0.022222223	0.0	0.0	0.0	0.0	0.0	0.055555556	0.0	0.0	0.017391304	0.00952381	0.0	0.0	1.0	0.47826087	0.0	0.0	0.0	0.0	0.9285714	0.0	0.0	0.0	0.010204081	0.008264462	0.0	0.0	0.0	0.0	0.0	0.0	0.0	0.0	0.09638554	0.0	0.0	0.0	0.0	0.0	0.0	0.0	0.0	0.0	0.0	0.05	0.0	0.0	0.0	0.0	0.0	0.0091743115	0.06422018	0.0	0.0	0.0	0.0	0.0	0.0	0.0	0.0	0.0
0.0	0.0	0.0	0.0	0.0	0.0	0.0	0.0	0.0	0.0	0.0	0.0	0.0	0.0	0.0	0.0	0.0	0.0	0.0	0.036363635	0.0	0.0	0.0	0.0	0.0	0.0	0.0	0.0	0.009803922	0.0	0.0	0.0	0.0	0.0	0.0	0.0	0.0	0.0	0.0	0.008928572	0.0	0.0	0.0	0.0	0.0	0.0	0.0	0.0	0.0	0.0	0.0	0.0	1.0	0.47	0.0	0.0	0.0	0.0	0.8640777	0.0	0.0	0.0	0.048543688	0.0	0.0	0.0	0.0	0.0	0.0	0.0	0.0	0.0	0.04	0.0	0.0	0.0	0.0	0.0	0.0	0.0	0.0	0.0	0.0	0.05	0.0	0.0	0.0	0.0	0.0	0.0	0.09	0.0	0.01	0.0	0.0	0.0	0.0	0.0	0.0	0.0
0.0	0.0	0.0	0.0	0.0	0.0	0.009615385	0.067307696	0.009615385	0.0	0.01923077	0.0	0.0	0.034188036	0.0	0.0	0.0	0.0	0.0	0.042735044	0.0	0.0	0.0	0.0	0.0	0.0	0.0	0.0	0.0	0.0	0.0	0.0	0.0	0.032967035	0.0	0.0	0.0	0.0	0.0	0.0	0.0	0.0	0.0	0.0	0.0	0.022222223	0.0	0.0	0.007874016	0.011111111	0.0	0.0	1.0	0.52755904	0.0	0.0	0.0	0.05882353	0.9647059	0.0	0.0	0.0	0.023529412	0.0	0.0	0.0	0.0	0.0	0.0	0.0	0.0	0.0	0.16666667	0.022222223	0.0	0.0	0.0	0.0	0.0	0.0	0.0	0.0	0.0	0.0	0.0	0.0	0.0	0.0	0.0	0.0	0.072072074	0.0	0.0	0.009009009	0.0	0.0	0.0	0.0	0.0	0.00952381
0.0	0.0	0.0	0.0	0.0	0.0	0.0	0.03	0.06451613	0.0	0.03	0.0	0.0	0.0	0.0	0.0	0.0	0.0	0.0	0.026785715	0.0	0.0	0.0	0.0	0.0	0.0	0.0	0.0	0.0	0.0	0.0	0.0	0.0	0.0	0.0	0.0	0.0	0.0	0.0	0.009009009	0.0	0.0	0.0	0.0	0.0	0.036036037	0.0	0.0	0.0	0.0	0.0	0.010869565	1.0	0.4375	0.0	0.0	0.0	0.0	0.9385965	0.0	0.0	0.0	0.00877193	0.0	0.0	0.0	0.0	0.0	0.0	0.0	0.0	0.0	0.17525773	0.020618556	0.0	0.0	0.0	0.0	0.0	0.0	0.0	0.0	0.0	0.0	0.0	0.0	0.0	0.0	0.0	0.0	0.0625	0.0	0.0	0.0	0.0	0.0	0.0	0.019417476	0.0	0.0
0.0	0.0	0.0	0.0	0.0	0.0	0.0	0.0	0.0	0.0	0.0	0.0	0.0	0.0	0.0	0.0	0.0	0.0	0.0	0.057692308	0.0	0.0	0.0	0.0	0.0	0.0	0.0	0.0	0.012658228	0.0	0.0	0.0	0.0	0.0	0.0	0.0	0.0	0.0	0.0	0.02	0.0	0.0	0.0	0.0	0.0	0.0	0.0	0.0	0.0	0.018348623	0.0	0.0	1.0	0.4811321	0.0	0.0	0.0	0.0	0.9195402	0.0	0.0	0.0	0.03448276	0.009615385	0.0	0.0	0.0	0.0	0.0	0.0	0.0	0.0	0.057471264	0.0	0.0	0.0	0.0	0.0	0.0	0.0	0.0	0.0	0.0	0.00862069	0.0	0.0	0.0	0.0	0.0	0.01010101	0.16161616	0.01010101	0.0	0.0	0.0	0.00862069	0.0	0.0	0.0	0.0
0.0	0.0	0.0	0.0	0.0	0.0	0.0	0.0	0.0	0.0	0.0	0.0	0.0	0.0	0.0	0.00990099	0.0	0.010638298	0.0	0.00990099	0.0	0.0	0.0	0.0	0.008264462	0.0	0.008264462	0.0	0.02020202	0.0	0.0	0.0	0.0	0.0	0.0	0.0	0.0	0.0	0.0	0.019417476	0.0	0.0	0.0	0.0	0.00952381	0.0	0.0	0.0	0.0	0.01	0.0	0.01	1.0	0.4857143	0.0	0.0	0.0	0.0	0.83168316	0.0	0.0	0.0	0.02970297	0.0091743115	0.0	0.0	0.0	0.0	0.0	0.0	0.0	0.0	0.047058824	0.0	0.0	0.009615385	0.0	0.0	0.0	0.0	0.0	0.0	0.0	0.009433962	0.0	0.0	0.0	0.0	0.0	0.0	0.057142857	0.0	0.0	0.0	0.0	0.0	0.0	0.0	0.0	0.0
0.0	0.0	0.009708738	0.0	0.0	0.0	0.0	0.0	0.0	0.0	0.0	0.0	0.0	0.0	0.0	0.01010101	0.009009009	0.0	0.0	0.08080808	0.0	0.0	0.0	0.0	0.0	0.0	0.0	0.010526316	0.021052632	0.0	0.0	0.0	0.0	0.0	0.0	0.0	0.0	0.017094018	0.0	0.0	0.0	0.0	0.0	0.0	0.009708738	0.034188036	0.0	0.0	0.0	0.0	0.0	0.0	1.0	0.4854369	0.0	0.0	0.0	0.0	0.8064516	0.0	0.0	0.0	0.05376344	0.021505376	0.0	0.0	0.0	0.0	0.0	0.011235955	0.0	0.0	0.04901961	0.009803922	0.019607844	0.0	0.0	0.0	0.0	0.0	0.010752688	0.010752688	0.0	0.009803922	0.0	0.0	0.0	0.0	0.0	0.0	0.07	0.01	0.0	0.0	0.0	0.0	0.0	0.0	0.0	0.036036037
0.0	0.0	0.0	0.0	0.0	0.0	0.0	0.0	0.0	0.0	0.0	0.0	0.0	0.0	0.0	0.0	0.0	0.0	0.0	0.021505376	0.0	0.0	0.0	0.0	0.0	0.0	0.0	0.0	0.0	0.0	0.0	0.0	0.0	0.0	0.0	0.0	0.0	0.0	0.0	0.010204081	0.0	0.0	0.0	0.0	0.0	0.010204081	0.0	0.0	0.0	0.009345794	0.0	0.009345794	1.0	0.4673913	0.0	0.0	0.0	0.0	0.89915967	0.0	0.0	0.0	0.05882353	0.0	0.0	0.0	0.0	0.0	0.0	0.0	0.0	0.0	0.04950495	0.0	0.0	0.0	0.0035842294	0.0	0.0	0.0	0.00990099	0.0	0.0	0.03	0.0	0.0	0.0	0.0	0.0	0.0	0.05319149	0.010638298	0.0	0.0	0.0	0.0	0.0	0.0	0.0	0.0
0.0	0.0	0.0	0.0	0.0	0.0	0.0	0.0	0.0	0.0	0.0	0.0	0.0	0.009803922	0.0	0.019607844	0.0	0.0	0.0	0.039215688	0.0	0.0	0.01724138	0.0	0.0	0.0	1.0	1.0	0.0	0.0	0.0	0.0	0.0	0.0	0.0	0.0	0.0	0.0	0.0	0.0	0.0	0.0	0.0	0.0	1.0	0.0	0.0	0.0	0.0	0.020408163	0.0	0.0	1.0	0.51282054	0.0	0.0	0.0	0.0	0.9537037	0.0	0.0	0.0	0.018518519	0.0	0.0	0.0	0.0	0.0	0.0	0.0	0.009433962	0.0	0.11320755	0.009433962	0.0	0.0	0.0	0.0	0.0	0.0	0.0	0.009009009	0.0	0.010416667	0.0	0.0	0.0	0.0	0.0	0.0	0.05050505	0.01010101	0.0	0.030303031	0.0	0.0	0.0	0.0	0.0	0.009009009
0.0	0.0	0.0	0.0	0.0	0.0	0.0	0.0	0.0	0.0	0.0	0.0	0.0	0.0	0.0	0.0	0.0	0.0	0.0	0.036697246	0.0	0.0	0.0	0.0	0.0	0.0	0.0	0.0	0.0	0.0	0.0	0.0	0.0	0.0	0.0	0.0	0.0	0.0	0.00952381	0.0	0.0	0.0	0.0	0.0	0.00952381	0.021505376	0.0	0.0	0.00952381	0.0	0.0	0.0	1.0	0.43809524	0.0	0.0	0.0	0.0	0.95454544	0.0	0.0	0.0	0.07272727	0.0	0.0	0.0	0.0	0.0	0.0	0.0	0.0	0.0	0.09090909	0.0	0.0	0.0	0.0	0.0	0.0	0.0	0.0	0.0	0.0	0.03960396	0.0	0.0	0.0	0.011363637	0.0	0.0	0.071428575	0.0	0.0	0.0	0.0	0.0	0.0	0.0	0.0	0.0
0.0	0.0	0.0	0.0	0.0	0.0	0.0	0.0	0.0	0.0	0.0	0.0	0.0	0.0	0.0	0.0	0.0	0.0	0.0	0.024096385	0.0	0.0	0.0	0.0	0.0	0.0	0.010989011	0.0	0.0	0.0	0.0	0.0	0.0	0.0	0.0	0.0	0.0	0.0	0.0	0.0	0.0	0.0	0.0	0.0	0.0	0.0	0.0	0.0	0.009345794	0.0	0.0	0.019607844	1.0	0.5046729	0.0	0.0	0.0	0.0	0.84444445	0.0	0.0	0.0	0.011111111	0.0	0.0	0.0	0.0	0.0	0.0	0.0	0.0	0.0	0.06185567	0.0	0.0	0.0	0.0	0.0	0.0	0.0	0.0	0.0	0.0	0.010638298	0.009259259	0.0	0.0	0.0	0.0	0.0	0.13445379	0.0	0.0	0.0	0.0	0.0	0.0	0.0	0.0	0.0
0.0	0.0	0.0	0.0	0.0	0.0	0.0	0.0	0.0	0.0	0.0	0.0	0.0	0.0	0.0	0.0	0.0	0.0	0.0	0.067961164	0.0	0.0	0.010752688	0.0	0.0	0.0	0.0	0.0	0.021505376	0.0	0.0	0.0	0.0	0.0	0.0	0.0	0.0	0.0	0.0	0.009090909	0.0	0.0	0.0	0.0	0.0091743115	0.0	0.0	0.0	0.0	0.0	0.0	0.0	1.0	0.47706422	0.0	0.0	0.0	0.0	0.8645833	0.0	0.0	0.0	0.0625	0.0	0.009433962	0.0	0.0	0.0	0.0	0.0	0.0	0.0	0.08547009	0.0	0.0	0.0	0.0	0.0	0.0	0.0	0.0	0.0	0.0	0.022222223	0.0	0.0	0.0	0.010309278	0.0	0.0	0.13095239	0.011904762	0.0	0.0	0.0	0.0	0.0	0.0	0.0	0.0
0.0	0.0	0.0	0.0	0.0	0.0	0.0	0.0	0.0	0.0	0.0	0.0	0.0	0.0	0.0	0.0	0.0	0.0	0.0	0.018348623	0.0	0.0	0.0	0.0	0.0	0.0	0.0	0.0	0.0	0.0	0.0	0.0	0.0	0.0	0.0	0.0	0.0	0.0	0.0	0.0	0.0	0.0	0.0	0.0	0.0	0.011764706	0.0	0.0	0.00952381	0.01010101	0.0	0.030303031	1.0	0.4952381	0.0	0.0	0.0	0.0	0.9052632	0.032608695	0.0	0.0	0.07368421	0.010416667	0.0	0.0	0.0	0.0	0.0	0.0	0.0	0.0	0.08490566	0.0	0.0	0.0	0.0	0.0	0.0	0.0	0.0	0.0	0.0	0.011764706	0.0	0.0	0.0	0.010869565	0.0	0.0	0.12727273	0.0	0.0	0.0	0.0	0.0	0.0	0.0	0.0	0.008064516
0.0	0.0	0.0	0.0	0.0	0.0	0.0	0.0	0.0	0.0	0.0	0.0	0.0	0.0	0.0	0.018018018	0.0	0.0	0.0	0.054054055	0.0	0.0	0.0	0.0	0.0	0.0	0.0	0.0	0.016949153	0.0	0.0	0.0	0.0	0.0	0.0	0.0	0.0	0.0	0.0	0.028301887	0.0	0.0	0.0	0.0	0.0	0.0	0.0	0.0	0.0	0.0	0.0	0.0	1.0	0.48351648	0.0	0.0	0.0	0.0	0.8440367	0.0	0.0	0.0	0.027522936	0.008928572	0.0	0.0	0.0	0.0	0.0	0.0	0.0	0.0	0.06666667	0.0	0.0	0.00990099	0.0	0.0	0.0	0.0	0.0	0.0	0.0	0.028571429	0.0	0.0	0.0	0.0	0.0	0.0	0.06741573	0.0	0.0	0.0	0.0	0.00952381	0.0	0.0	0.0	0.01
0.0	0.0	0.0	0.0	0.0	0.0	0.0	0.0	0.0	0.0	0.0	0.0	0.0	0.0	0.0	0.0	0.0	0.0091743115	0.0	0.0927835	0.0	0.0	0.0	0.0	0.0	0.0	0.0	0.0	0.0	0.0	0.0	0.0	0.0	0.0	0.0	0.0	0.0	0.0	0.0	0.008928572	0.0	1.0	1.0	0.0	0.0	0.035714287	0.0	0.0	0.0	0.02173913	0.0	0.010869565	1.0	0.44642857	0.0	0.0	0.0	0.0	0.8736842	0.0	0.0	0.0	0.05263158	0.0	0.0	0.0	0.0	0.0	0.0	0.0	0.0	0.0	0.04587156	0.0	0.0091743115	0.0	0.0031847134	0.0	0.0	0.0	0.0	0.0	0.0	0.047058824	0.0	0.0	0.0	0.0	0.0	0.0	0.13461539	0.0	0.0	0.0	0.0	0.0	0.0	0.0	0.0	0.0
0.0	0.0	0.0	0.0	0.0	0.0	0.0	0.0	0.0	0.0	0.0	0.0	0.0	0.0	0.0	0.0	0.0	0.0	0.0	0.05376344	0.00877193	0.0	0.0	0.0	0.00877193	0.0	0.0	0.0	0.01010101	0.0	0.0	0.0	0.0	0.0	0.0	0.0	0.0	0.0	0.0	0.010309278	0.0	0.0	0.0	0.0	0.0	0.0	0.010309278	0.0	0.009708738	0.0	0.0	0.0	1.0	0.6699029	0.0	0.0	0.0	0.0	0.9245283	0.0	0.0	0.0	0.056603774	0.0	0.0	0.0	0.0	0.0	0.0	0.0	0.0	0.0	0.05952381	0.0	0.0	0.0	0.0	0.0	0.0	0.0	0.0	0.0	0.0	0.041237112	0.0	0.0	0.0	0.0	0.0	0.0	0.0952381	0.00952381	0.0	0.0	0.0	0.010309278	0.0	0.0	0.0	0.0
0.0	0.0	0.0	0.0	0.0	0.0	0.0	0.0	0.0	0.0	0.0	0.0	0.0	0.0	0.0	0.0	0.0	0.0	0.0	0.06	0.0	0.0	0.0	0.0	0.0	0.0	0.0	0.0	0.0	0.0	0.0	0.0	0.0	0.0	0.0	0.0	0.0	0.0	0.0	0.010989011	0.0	0.0	0.0	0.0	0.0	0.0	0.0	0.0	0.0	0.0	0.0	0.010416667	1.0	0.48387095	0.0	0.0	0.0	0.0	0.8666667	0.0	0.0	0.0	0.055555556	0.0	0.0	0.0	0.0	0.0	0.0	0.0	0.0	0.0	0.07826087	0.0	0.0	0.0	0.0	0.0	0.0	0.0	0.0	0.0	0.0	0.01724138	0.0	0.0	0.0	0.0	0.0	0.0	0.06451613	0.0	0.0	0.0	0.0	0.00862069	0.0	0.0	0.0	0.0
0.0	0.0	0.0	0.0	0.0	0.0	0.0	0.0	0.0	0.0	0.0	0.0	0.0	0.0	0.0	0.01010101	0.011904762	0.0	0.0	0.01010101	0.0	0.0	0.0	0.0	0.0	0.0	0.0	0.009345794	0.0	0.0	0.0	0.0	0.0	0.0	0.0	0.0	0.0	0.0	0.0	0.010752688	0.0	0.0	0.0	0.0	0.0	0.0	0.0	0.0	0.0	0.02	0.0	0.0	1.0	0.46534654	0.0	0.0	0.0	0.0	0.85714287	0.0	0.0	0.0	0.06666667	0.0	0.0	0.0	0.0	0.0	0.0	0.0	0.0	0.0	0.06666667	0.0	0.0	0.0	0.0	0.0	0.0	0.0	0.0	0.0	0.0	0.058252428	0.0	0.0	0.0	0.0	0.0	0.0	0.08181818	0.0	0.009090909	0.0	0.0	0.0	0.0	0.0	0.0	0.0
0.0	0.0	0.0	0.0	0.0	0.0	0.0	0.0	0.0	0.0	0.0	0.0	0.0	0.0	0.0	0.0	0.0	0.0	0.010752688	0.05376344	0.0	0.0	0.0	0.0	0.0	0.0	0.0	0.0	0.019417476	0.0	0.0	0.0	0.0	0.0	0.0	0.0	0.0	0.0	0.0	0.0	0.0	0.0	0.0	0.0	0.0	0.009708738	0.0	0.0	0.0	0.011363637	0.0	0.011363637	1.0	0.49056605	0.0	0.0	0.0	0.0	0.89285713	0.0	0.0	0.0	0.071428575	0.0	0.0	0.0	0.0	0.0	0.0	0.009433962	0.0	0.0	0.08547009	0.0	0.0	0.0	0.0	0.0	0.0	0.0	0.0	0.0	0.0	0.02	0.0	0.0	0.0	0.0	0.0	0.0	0.12765957	0.010638298	0.0	0.0	0.0	0.0	0.0	0.0	0.0	0.0
0.0	0.0	0.0	0.0	0.0	0.0	0.0	0.0	0.0	0.0	0.0	0.0	0.0	0.0	0.0	0.0	0.020833334	0.0	0.0	0.013513514	0.0	0.0	0.0	0.0	0.0	0.0	0.0	0.0	0.009090909	0.0	0.0	0.0	0.0	0.0	0.0	0.0	0.0	0.0	0.0	0.025423728	0.0	0.0	0.0	0.0	0.0	0.0	0.0	0.0	0.009708738	0.0	0.0	0.016806724	1.0	0.41747573	0.0	0.0	0.0	0.0	0.85714287	0.0	0.0	0.0	0.05952381	0.0	0.0	0.0	0.0	0.0	0.0	0.0	0.0	0.0	0.017094018	0.0	0.008547009	0.011764706	0.0	0.0	0.0	0.0	0.0	0.0	0.0	0.03	0.0	0.0	0.0	0.01	0.0	0.0	0.0375	0.0125	0.0	0.0	0.0	0.0	0.0	0.0	0.0	0.0
0.0	0.0	0.0	0.0	0.0	0.0	0.0	0.0	0.0	0.0	0.0	0.0	0.0	0.0	0.0	0.0	0.0	0.0	0.009803922	0.029411765	0.0	0.0	0.0	0.0	0.0	0.0	0.0	0.0	0.0	0.0	0.0	0.0	0.0	0.0	0.0	0.0	0.0	0.0	0.0	0.0	0.01	0.0	0.0	0.0	0.0	0.017699115	0.0	0.0	0.01	0.0	0.0	0.018518519	1.0	0.5	0.0	0.0	0.0	0.0	0.84375	0.0	0.0	0.0	0.041666668	0.0	0.0	0.0	0.0	0.0	0.0	0.0	0.0	0.0	0.023529412	0.0	0.0	0.0	0.0	0.0	0.0	0.0	0.0	0.0	0.0	0.010309278	0.0	0.0	0.0	0.0	0.0	0.0	0.114583336	0.0	0.0	0.0	0.0	0.0	0.0	0.0	0.0	0.0
0.0	0.0	0.0	0.0	0.0	0.0	0.0	0.0	0.0	0.0	0.0	0.0	0.0	0.0	0.0	0.0	0.0	0.0	0.0	0.057142857	0.0	0.0	0.0	0.0	0.0	0.0	0.0	0.0	0.0	0.0	0.0	0.0	0.0	0.0	0.0	0.0	0.0	0.0	0.0	0.0	0.0	0.0	0.0	0.0	0.0	0.0	0.0	0.0	0.02173913	0.024793388	0.0	0.0	1.0	0.51086956	0.0	0.0	0.0	0.0	0.90909094	0.0	0.0	0.0	0.056818184	0.0	0.0	0.0	0.0	0.0	0.009345794	0.0	0.0	0.0	0.049382716	0.0	0.0	0.0	0.0	0.0	0.0	0.0	0.0	0.0	0.0	0.011363637	0.0	0.0	0.0	0.0	0.0	0.0	0.07954545	0.0	0.0	0.0	0.0	0.0	0.0	0.0	0.0	0.0
0.0	0.0	0.0	0.0	0.0	0.0	0.0	0.0	0.0	0.0	0.0	0.0	0.0	0.0	0.0	0.00952381	0.0	0.011111111	0.0	0.04761905	0.0	0.0	0.0	0.0	0.0	0.0	0.0	0.0	0.009345794	0.0	0.0	0.0	0.0	0.0	0.0	0.0	0.0	0.0	0.010309278	0.018867925	0.0	0.0	0.0	0.0	0.0	0.06603774	0.0	0.0	0.030927835	0.0	0.0	0.01980198	1.0	0.48453608	0.0	0.0	0.0	0.0	0.9369369	0.0	0.0	0.0	0.045045044	0.0	0.0	0.0	0.0	0.0	0.0	0.0	0.0	0.0	0.06666667	0.0	0.0	0.0	0.0	0.0	0.0	0.0	0.0	0.0	0.0	0.025316456	0.0	0.0	0.0	0.0	0.0	0.0	0.0754717	0.009433962	0.0	0.0	0.0	0.012658228	0.0	0.0	0.0	0.0
0.0	0.0	0.0	0.0	0.0	0.0	0.0	0.0	0.0	0.0	0.0	0.0	0.0	0.0	0.0	0.0	0.0	0.0	0.0	0.06185567	0.0	0.0	0.0	0.0	0.0	0.0	0.0	0.0	0.0	0.0	0.01010101	0.0	0.0	0.0	0.0	0.0	0.0	0.0	0.0	0.0	0.0	0.0	0.0	0.0	0.0	0.01754386	0.00877193	0.0	0.0	0.0	0.0	0.009009009	1.0	0.46902654	0.0	0.0	0.0	0.0	0.9259259	0.0	0.0	0.0	0.083333336	0.013513514	0.0	0.0	0.0	0.0	0.0	0.0	0.0	0.0	0.07	0.0	0.0	0.0	0.0	0.0	0.0	0.0	0.0	0.0	0.0	0.020408163	0.0	0.0	0.0	0.0	0.0	0.0	0.13559322	0.008474576	0.0	0.0	0.0	0.0	0.0	0.0	0.0	0.0
0.0	0.0	0.0	0.0	0.0	0.0	0.0	0.0	0.0	0.0	0.0	0.0	0.0	0.0	0.0	0.0	0.0	0.0	0.016	0.032	0.0	0.0	0.0	0.0	0.0	0.0	0.0	0.0	0.010416667	0.0	0.0	0.0	0.0	0.0	0.0	0.0	0.0	0.0	0.0	0.020833334	0.0	0.0	0.0	0.0	0.0	0.0	0.0	0.0	0.025641026	0.0	0.0	0.0	1.0	0.47863248	0.0	0.0	0.0	0.0	0.8974359	0.0	0.0	0.0	0.025641026	0.0	0.0	0.0	0.0	0.0	0.0	0.0	0.0	0.0	0.067307696	0.0	0.0	0.0	0.0	0.0	0.0	0.0	0.0	0.0	0.0	0.02970297	0.0	0.0	0.0	0.0	0.0	0.0	0.086538464	0.009615385	0.0	0.0	0.0	0.0	0.0	0.0	0.00990099	0.0
0.0	0.0	0.0	0.0	0.0	0.0	0.0	0.0	0.0	0.0	0.0	0.0	0.0	0.0	0.0	0.0	0.0	0.0	0.0	0.028571429	0.0	0.0	0.0	0.0	0.0	0.0	0.011494253	0.0	0.0	0.0	0.0	0.0	0.0	0.0	0.0	0.0	0.0	0.0	0.0	0.0	0.0	0.0	0.0	0.0	0.0	0.0	0.0	0.0	0.010309278	0.017391304	0.0	0.0	1.0	0.44329897	0.0	0.0	0.0	0.0	0.8988764	0.0	0.0	0.0	0.101123594	0.0	0.0	0.0	0.0	0.0	0.0	0.0	0.0	0.0	0.05	0.0	0.0	0.00990099	0.0	0.0	0.0	0.0	0.0	0.0	0.0	0.0091743115	0.0	0.0	0.0	0.0	0.0	0.0	0.046728972	0.0	0.0	0.0	0.0	0.0091743115	0.0	0.009433962	0.0	0.0
0.0	0.0	0.0	0.0	0.0	0.0	0.0	0.0	0.0	0.0	0.0	0.0	0.0	0.009708738	0.0	0.009708738	0.0	0.0	0.0	0.048543688	0.0	0.0	0.0	0.0	0.0	0.0	0.0	0.0	0.0	0.0	0.0	0.0	0.0	0.0	0.0	0.0	0.0	0.0	0.0	0.019417476	0.008130081	0.0	0.0	0.0	0.0	0.03883495	0.0	0.0	0.008130081	0.0	0.0	0.01904762	1.0	0.45528457	0.0	0.0	0.0	0.0	0.86734694	0.0	0.0	0.0	0.020408163	0.0	0.0	0.0	0.0	0.0	0.0	0.011235955	0.0	0.0	0.068627454	0.0	0.0	0.0	0.0	0.0	0.0	0.0	0.0	0.0	0.0	0.034782607	0.0	0.0	0.0	0.0	0.0	0.0	0.08	0.0	0.0	0.0	0.0	0.0	0.0	0.009345794	0.0	0.009345794
0.0	0.0	0.0	0.0	0.0	0.0	0.0	0.0	0.0	0.0	0.0	0.0	0.0	0.0	0.0	0.0	0.0	0.0	0.0	0.03125	0.0	0.0	0.01010101	0.0	0.0	0.0	0.0	0.0	0.0	0.0	0.0	0.0	0.0	0.0	0.0	0.0	0.0	0.0	0.0	0.01904762	0.0	0.0	0.0	0.0	0.01010101	0.028571429	0.0	0.0	0.0	0.009803922	0.0	0.0	1.0	0.16161616	0.0	0.0	0.0	0.0	0.9026549	0.0	0.0	0.0	0.044247787	0.0	0.030927835	0.0	0.0	0.0	0.0	0.0	0.0	0.0	0.020408163	0.0	0.0	0.0	0.0	0.0	0.0	0.0	0.0	0.0	0.0	0.043010753	0.0	0.0	0.0	0.0	0.0	0.0	0.05940594	0.0	0.0	0.0	0.0	0.0	0.0	0.0	0.0	0.009803922
0.0	0.0	0.0	0.0	0.0	0.0	0.0	0.0	0.0	0.0	0.0	0.0	0.0	0.0	0.0	0.01	0.0	0.0	0.0	0.01	0.0	0.0	0.0	0.0	0.0	0.0	0.0	0.0	0.0	0.0	0.0	0.0	0.0	0.0	0.0	0.0	0.0	0.0	0.00990099	0.018691588	0.0	0.0	0.0	0.0	0.0	0.018691588	0.0	0.0	0.0	0.0	0.0	0.0	1.0	0.6633663	0.0	0.0	0.0	0.0	1.0	0.0	0.0	0.0	0.06122449	0.0	0.0	0.0	0.0	0.0	0.0	0.0	0.0	0.0	0.08928572	0.0	0.0	0.0	0.0	0.0	0.0	0.0	0.0	0.0	0.0	0.023255814	0.0	0.0	0.0	0.0	0.0	0.009259259	0.083333336	0.0	0.0	0.0	0.0	0.0	0.0	0.0	0.0	0.0
0.0	0.0	0.0	0.0	0.0	0.0	0.0	0.0	0.0	0.0	0.0	0.0	0.0	0.0	0.0	0.0	0.0	0.0	0.0	0.011111111	0.0	0.0	0.0	0.0	0.0	0.0	0.0	0.0	0.0	0.0	0.0	0.0	0.0	0.0	0.0	0.0	0.0	0.0	0.0	0.0	0.0	0.0	0.0	0.0	0.028301887	0.047244094	0.0	0.0	0.009433962	0.0	0.0	0.0	1.0	0.4811321	0.0	0.0	0.0	0.0	1.0	0.0	0.0	0.0	0.047169812	0.0	0.010309278	0.0	0.0	0.0	0.0	0.0	0.0	0.0	0.04901961	0.0	0.0	0.0	0.0	0.0	0.0	0.0	0.0	0.0	0.0	0.020408163	0.0	0.0	0.0	0.0	0.0	0.0	0.123809524	0.0	0.0	0.0	0.0	0.0	0.0	0.0	0.0	0.0
0.0	0.0	0.0	0.0	0.0	0.0	0.0	0.009259259	0.0	0.009259259	0.009259259	0.0	0.0	0.0	0.0	0.0	0.0	0.0	0.0	0.03883495	0.0	0.0	0.0	0.0	0.010416667	0.010416667	0.010416667	0.0	0.0	0.0	0.0	0.0	0.0	0.0	0.0	0.016528925	0.0	0.009345794	0.009803922	0.009345794	0.019607844	0.0	0.0	0.0	0.0	0.046728972	0.0	0.0	0.009803922	0.0	0.0	0.0	1.0	0.49019608	0.0	0.0	0.0	0.0	1.0	0.0	0.0	0.0	0.010869565	0.0	0.0	0.0	0.0	0.0	0.0	0.0	0.0	0.0	0.0625	0.0	0.0	0.0	0.0	0.0	0.0	0.0	0.010526316	0.0	0.0	0.032608695	0.0	0.0	0.0	0.0	0.0	0.0	0.11340206	0.0	0.0	0.0	0.0	0.010869565	0.010309278	0.0	0.0	0.0
0.0	0.0	0.0	0.0	0.0	0.0	0.0	0.0	0.0	0.0	0.0	0.0	0.0	0.0	0.0	0.0	0.0	0.0	0.0	0.020618556	0.0	0.0	0.0	0.0	0.0	0.0	0.0	0.0	0.010989011	0.0	0.0	0.0	0.0	0.0	0.0	0.0	0.0	0.0	0.0	0.0	0.0	0.0	0.0	0.0	0.0	0.0	0.0	0.0	0.009803922	0.0	0.0	0.0	1.0	0.46078432	0.0	0.0	0.0	0.0	0.8598131	0.0	0.0	0.0	0.028037382	0.0	0.0	0.0	0.0	0.0	0.0	0.0	0.0	0.0	0.06666667	0.0	0.0	0.0	0.0	0.0	0.0	0.0	0.0	0.0	0.0	0.01904762	0.0	0.0	0.0	0.0	0.0	0.0	0.055555556	0.0	0.0	0.0	0.0	0.0	0.0	0.0	0.0	0.0
0.0	0.0	0.0	0.0	0.0	0.0	0.0	0.0	0.0	0.0	0.0	0.0	0.0	0.0	0.0	0.0	0.0	0.0	0.0	0.058139537	0.0	0.0	0.0	0.0	0.0	0.0	0.0	0.0	0.010638298	0.0	0.0	0.0	0.0	0.0	0.0	0.0	0.0	0.0	0.0	0.0	0.0	0.0	0.0	0.0	0.0	0.009259259	0.0	0.0	0.0	0.0	0.0	0.02	1.0	0.48913044	0.0	0.0	0.0	0.0	0.89215684	0.0	0.0	0.0	0.0882353	0.0	0.0	0.0	0.0	0.0	0.0	0.0	0.0	0.0	0.05102041	0.0	0.0	0.0	0.0	0.0	0.0	0.0	0.0	0.0	0.0	0.01923077	0.009803922	0.0	0.0	0.0	0.0	0.0	0.11320755	0.009433962	0.009433962	0.0	0.0	0.0	0.0	0.0	0.0	0.0
0.0	0.0	0.0	0.0	0.0	0.0	0.0	0.0	0.0	0.0	0.0	0.0	0.0	0.0	0.0	0.0	0.0	0.0	0.0	0.031578947	0.0	0.0	0.010204081	0.0	0.0	0.0	0.0	0.0	0.0	0.0	0.0	0.01010101	0.0	0.0	0.0	0.0	0.0	0.0	0.0	0.009259259	0.0	0.0	0.0	0.0	0.0	0.0	0.0	0.0	0.009803922	0.0	0.0	0.0	1.0	0.47058824	0.0	0.0	0.0	0.0	0.88372093	0.0	0.0	0.0	0.034883723	0.0	0.0	0.0	0.0	0.0	0.0	0.0	0.0	0.0	0.07339449	0.0	0.0	0.0	0.0	0.0	0.0	0.0	0.0	0.0	0.0	0.020408163	0.0	0.0	0.0	0.0	0.0	0.0	0.033707865	0.0	0.0	0.0	0.0	0.0	0.0	0.0	0.0	0.0
0.0	0.0	0.0	0.0	0.0	0.0	0.0	0.0	0.0	0.0	0.0	0.0	0.0	0.0	0.0	0.0	0.0	0.0	0.0	0.04040404	0.0	0.0	0.0	0.0	0.010989011	0.0	0.0	0.009090909	0.0	0.0	0.0	0.0	0.0	0.0	0.0	0.0	0.0	0.0	0.01010101	0.0	0.0	0.0	0.0	0.0	0.0	0.021505376	0.0	0.0	0.0	0.0	0.0	0.008928572	1.0	0.4848485	0.0	0.0	0.0	0.0	0.9207921	0.0	0.0	0.0	0.04950495	0.0	0.0	0.0	0.0	0.0	0.009433962	0.0	0.0	0.0	0.018691588	0.0	0.0	0.0	0.0	0.0	0.0	0.0	0.0	0.0	0.0	0.034782607	0.0	0.0	0.0	0.0	0.0	0.0	0.07692308	0.009615385	0.0	0.0	0.0	0.0	0.0	0.0	0.0	0.0
0.0	0.0	0.0	0.0	0.0	0.0	0.0	0.0	0.0	0.0	0.00952381	0.0	0.0	0.0	0.0	0.0	0.0	0.0	0.00990099	0.04950495	0.020408163	0.0	0.0	0.0	0.0	0.0	0.0	0.0	0.014084507	0.0	0.0	0.008928572	0.0	0.0	0.0	0.0	0.0	0.0	0.0	0.008695652	0.0	0.0	0.0	0.0	0.0	0.026086956	0.0	0.0	0.0	0.01010101	0.0	0.01010101	1.0	0.5145631	0.0	0.0	0.0	0.0	0.90677965	0.0	0.0	0.0	0.016949153	0.0	0.0	0.009433962	0.0	0.0	0.009433962	0.0	0.0	0.0	0.04255319	0.0	0.0	0.0	0.0	0.0	0.0	0.0	0.0	0.0	0.0	0.046511628	0.0	0.0	0.0	0.0	0.0	0.0	0.094339624	0.0	0.009433962	0.0	0.0	0.0	0.0	0.0	0.0	0.0
0.0	0.0	0.0	0.0	0.0	0.0	0.0	0.0	0.0	0.0	0.0	0.0	0.0	0.0	0.0	0.01010101	0.0	0.0	0.01010101	0.07070707	0.0	0.0	0.0	0.0	0.0	0.0	0.010526316	0.0	0.009615385	0.0	0.0	0.0	0.0	0.0	0.0	0.0	0.0	0.0	0.0	0.0	0.0	0.0	0.0	0.0	0.0	0.01923077	0.0	0.008403362	0.008403362	0.008547009	0.0	0.008547009	1.0	0.48739496	0.0	0.0	0.0	0.0	0.90217394	0.0	0.0	0.0	0.054347824	0.0	0.0	0.0	0.0	0.0	0.0	0.0	0.0	0.0	0.017094018	0.008547009	0.0	0.0	0.0	0.0	0.0	0.0	0.0	0.0	0.0	0.012820513	0.0	0.0	0.0	0.0	0.0	0.0	0.0625	0.010416667	0.0	0.0	0.0	0.0	0.0	0.0	0.0	0.0
0.0	0.0	0.0	0.009803922	0.0	0.0	0.0	0.0	0.0	0.0	0.0	0.0	0.0	0.0	0.0	0.0	0.00990099	0.0	0.0	0.05882353	0.0	0.0	0.0	0.0	0.01010101	0.01010101	0.01010101	0.0	0.0	0.0	0.0	0.0	0.0	0.0	0.0	0.0	0.0	0.0	0.0	0.023809524	0.0	0.0	0.0	0.0	0.0	0.035714287	0.0	0.0	0.01010101	0.009803922	0.0	0.04901961	1.0	0.47474748	0.0	0.0	0.0	0.0	0.94545454	0.0	0.009090909	0.0	0.009090909	0.0	0.0	0.0	0.011363637	0.0	0.0	0.0	0.0	0.0	0.029411765	0.0	0.0	0.0	0.0	0.0	0.0	0.0	0.0	0.0	0.0	0.0	0.0	0.0	0.0	0.0	0.0	0.0	0.0989011	0.0	0.0	0.0	0.0	0.0	0.0	0.0	0.0	0.0
0.42574257	0.42574257	0.42574257	0.42574257	0.42574257	0.42574257	0.42574257	0.43010753	0.42574257	0.43010753	0.43010753	0.49019608	0.43010753	0.49019608	0.43010753	0.49019608	0.43010753	0.43010753	0.49019608	0.50980395	0.0	0.43010753	0.4893617	0.44210526	0.44210526	0.44210526	0.44210526	0.4893617	0.4893617	0.44210526	0.4390244	0.4390244	0.4390244	0.4893617	0.4390244	0.4893617	0.4390244	0.32407406	0.41509435	0.32407406	0.41509435	0.32407406	0.32407406	0.32407406	0.41509435	0.32407406	0.33333334	0.41509435	0.4245283	0.4	0.41509435	0.4	1.0	0.6886792	0.4	0.4	0.37606838	0.37606838	0.8034188	0.40229884	0.3846154	0.37606838	0.37606838	0.40697673	0.40697673	0.0	0.3859649	0.3859649	0.0	0.3859649	0.4051724	0.4051724	0.43103448	0.4051724	0.4051724	0.43589744	0.40809968	0.43589744	0.43589744	0.38317758	0.4369748	0.4369748	0.37383178	0.47959185	0.37383178	0.0	0.37383178	0.37383178	0.41237113	0.41237113	0.41237113	0.41237113	0.41237113	0.41237113	0.41237113	0.47959185	0.3723404	0.3723404	0.47959185	0.3723404
0.0	0.0	0.0	0.0	0.0	0.0	0.0	0.0	0.0	0.0	0.0	0.0	0.0	0.0	0.0	0.01010101	0.0	0.0	0.0	0.08080808	0.0	0.0	0.0	0.0	0.00952381	0.0	0.0	0.0	0.0	0.0	0.0	0.0	0.0	0.0	0.0	0.0	0.0	0.0	0.0	0.009009009	0.0	0.0	0.0	0.0	0.0	0.018018018	0.0	0.0	0.011363637	0.010526316	0.0	0.0	1.0	0.4659091	0.0	0.0	0.0	0.0	0.9056604	0.0	0.0	0.0	0.03773585	0.0	0.0	0.010204081	0.0	0.0	0.0	0.0	0.0	0.0	0.04950495	0.0	0.0	0.0	0.0	0.0	0.0	0.0	0.0	0.0	0.0	0.009259259	0.0	0.0	0.0	0.0	0.0	0.0	0.074074075	0.012345679	0.0	0.0	0.0	0.0	0.0	0.009708738	0.0	0.009708738
0.0	0.0	0.0	0.0	0.0	0.0	0.0	0.0	0.0	0.0	0.0	0.0	0.0	0.0	0.0	0.0	0.0	0.0	0.0	0.03773585	0.0	0.0	0.0	0.0	0.0	0.0	0.0	0.0	0.010638298	0.0	0.0	0.0	0.0	0.0	0.0	0.0	0.0	0.0	0.0	0.00990099	0.0	0.0	0.0	0.0	0.0	0.02970297	0.0	0.0	0.010989011	0.0	0.0	0.0	1.0	0.4945055	0.0	0.0	0.0	0.0	0.85714287	0.0	0.0	0.0	0.017857144	0.00990099	0.0	0.0	0.0	0.0	0.0	0.0	0.0	0.0	0.07368421	0.0	0.0	0.01010101	0.0	0.0	0.0	0.009803922	0.0	0.0	0.0	0.020618556	0.0	0.0	0.0	0.0	0.0	0.0	0.10526316	0.0	0.0	0.0	0.0	0.0	0.0	0.0	0.0	0.0
0.0	0.0	0.0	0.0	0.0	0.0	0.0	0.0	0.0	0.0	0.0	0.0	0.0	0.0	0.0	0.0	0.0	0.0	0.0	0.00952381	0.0	0.0	0.012345679	0.0	0.0	0.0	0.0	0.0	0.012345679	0.0	0.0	0.0	0.0	0.0	0.0	0.0	0.0	0.0	0.01010101	0.0	0.0	0.0	0.0	0.0	0.0	0.050847456	0.0	0.0	0.01010101	0.00952381	0.0	0.028571429	1.0	0.4949495	0.0	0.0	0.0	0.0	0.93406594	0.0	0.0	0.0	0.021978023	0.0	0.0	0.0	0.0	0.0	0.0	0.0	0.0	0.0	0.094736844	0.0	0.0	0.008928572	0.0	0.0	0.0	0.0	0.0	0.010416667	0.0	0.009009009	0.0	0.0	0.0	0.0	0.0	0.0	0.058252428	0.0	0.0	0.0	0.0	0.0	0.0	0.0	0.0	0.01904762
0.0	0.0	0.0	0.0	0.0	0.0	0.0	0.0	0.0	0.0	0.0	0.0	0.0	0.0	0.0	0.009803922	0.0	0.0	0.0	0.05882353	0.0	0.0	0.0	0.0	0.0	0.0	0.0	0.0	0.020408163	0.0	0.0	0.0	0.0	0.0	0.0	0.0	0.0	0.0	0.0	0.0	0.0	0.0	0.0	0.0	0.0	0.0	0.009433962	0.0	0.00877193	0.01923077	0.0	0.0	1.0	0.4649123	0.0	0.0	0.0	0.0	0.8910891	0.0	0.0	0.0	0.03960396	0.0	0.0	0.0	0.0	0.0	0.0	0.0	0.0	0.0	0.06	0.0	0.0	0.0	0.0	0.0	0.0	0.0	0.0	0.0	0.0	0.023255814	0.0	0.0	0.0	0.0	0.01010101	0.0	0.07070707	0.0	0.0	0.0	0.0	0.0	0.0	0.0	0.0	0.0
0.0	0.0	0.0	0.0	0.0	0.0	0.0	0.009615385	0.0	0.0	0.0	0.0	0.0	0.0	0.0	0.009009009	0.0	0.0	0.0	0.072072074	0.0	0.0	0.008333334	0.0	0.0	0.0	0.019607844	0.0	0.0	0.0	0.0	0.0	0.0	0.0	0.0	0.0	0.0	0.0	0.010309278	0.030612245	0.0	0.0	0.0	0.0	0.010309278	0.040816326	0.0	0.0	0.0	0.009433962	0.0	0.0	1.0	0.4742268	0.0	0.0	0.0	0.0	0.91566265	0.0	0.0	0.0	0.024096385	0.008695652	0.0	0.0	0.0	0.0	0.0	0.0	0.0	0.0	0.05172414	0.0	0.0	0.0	0.0	0.0	0.0	0.0	0.016528925	0.0	0.0	0.03846154	0.0	0.0	0.0	0.0	0.0	0.0	0.11627907	0.0	0.0	0.0	0.0	0.0	0.0	0.0	0.0	0.0
1.0	1.0	1.0	0.029126214	0.0	0.0	0.0	0.0	0.0	0.0	0.0	0.010989011	0.0	0.0	0.009009009	0.010989011	0.0	0.0	0.0	0.021978023	0.0	0.0	0.01923077	1.0	0.011111111	0.011111111	0.011111111	0.0	0.01923077	0.0	0.009615385	1.0	0.009615385	0.0	0.009615385	0.009615385	0.0	0.0	0.0	0.0	0.010638298	0.0	0.0	0.0	0.0	0.02970297	0.0	0.0	0.010638298	0.0	0.0	0.0	1.0	0.5	0.0	0.0	0.0	0.0	0.95	0.0	0.0	0.0	0.05	0.0	0.0	0.0	0.0	0.0	0.0	0.0	0.0	0.0	0.07070707	1.0	0.0	0.0	0.0	0.0	0.0	0.0	0.0	0.0	0.008474576	0.0	0.0	0.37288135	0.0	0.0	0.0	0.010204081	0.091836736	0.010204081	0.0	0.0	0.0	0.0	0.0	0.0	0.0	0.0
0.0	0.0	0.0	0.0	0.0	0.0	0.0	0.0	0.0	0.0	0.0	0.0	0.0	0.0	0.0	0.0	0.0	0.0	0.0	0.04901961	0.0	0.0	0.0	0.0	0.0	0.011494253	0.0	0.0	0.0	0.0	0.0	0.0	0.0	0.0	0.0	0.0	0.0	0.0	0.0	0.022727273	0.0	0.0	0.0	0.0	0.0	0.0	0.011363637	0.0	0.0	0.02	0.0	0.0	1.0	0.46464646	0.0	0.0	0.0	0.0	0.83505154	0.0	0.0	0.0	0.05154639	0.0	0.0	0.0	0.0	0.0	0.0	0.0	0.0	0.0	0.041666668	0.0	0.0	0.0	0.0	0.0	0.0	0.0	0.0	0.0	0.0	0.03883495	0.0	0.0	0.0	0.0	0.0	0.0	0.06603774	0.0	0.0	0.0	0.0	0.0	0.0	0.0	0.0	0.0
0.0	0.0	0.0	0.0	0.0	0.0	0.0	0.0	0.0	0.0	0.0	0.0	0.0	0.0	0.0	0.0	0.0	0.0	0.0	0.03960396	0.0	0.0	0.0	0.0	0.0	0.008474576	0.0	0.0	0.0	0.0	0.0	0.0	0.0	0.0	0.0	0.0	0.0	0.0	0.0	0.0	0.0	0.0	0.0	0.0	0.0	0.0	0.0	0.0	0.0	0.008474576	0.009708738	0.008474576	1.0	0.4854369	0.0	0.0	0.0	0.0	0.877551	0.0	0.0	0.0	0.05102041	0.010416667	0.0	0.0	0.0	0.0	0.0	0.0	0.0	0.0	0.067307696	0.0	0.0	0.0	0.0	0.0	0.0	0.0	0.0	0.0	0.0	0.01754386	0.0	0.0	0.0	0.0	0.0	0.0	0.078431375	0.009803922	0.009803922	0.0	0.0	0.0	0.0	0.0	0.0	0.0
0.0	0.0	0.0	0.0	0.0	0.0	0.0	0.0	0.0	0.0	0.0	0.0	0.0	0.0	0.0	0.0	0.0	0.0	0.0	0.05263158	0.0	0.0	0.0	0.0	0.0	0.0	0.0	0.0	0.010526316	0.0	0.0	0.0	0.0	0.0	0.0	0.0	0.0	0.0	0.0	0.0	0.0	0.0	0.0	0.0	0.0	0.009803922	0.0	0.0	0.008547009	0.0	0.0	0.011363637	1.0	0.42735043	0.0	0.0	0.0	0.0	0.8333333	0.0	0.0	0.0	0.037037037	0.0	0.0	0.0	0.0	0.0	0.0	0.0	0.0	0.0	0.08	0.0	0.0	0.0091743115	0.0	0.0	0.0	0.0	0.0	0.0	0.0	0.009433962	0.0	0.0	0.0	0.0	0.0	0.0	0.0625	0.008928572	0.0	0.0	0.0	0.0	0.0	0.0	0.0	0.0
0.0	0.0	0.0	0.0	0.0	0.0	0.0	0.0	0.0	0.0	0.0	0.0	0.0	0.0	0.0	0.0	0.0	0.0	0.0	0.04	0.0	0.0	0.0	0.0	0.0	0.0	0.0	0.0	0.010526316	0.0	0.0	0.0	0.0	0.0	0.0	0.0	0.0	0.0	0.0	0.022222223	0.0	0.0	0.0	0.0	0.0	0.0	0.0	0.0	0.011111111	0.009259259	0.0	0.0	1.0	0.46666667	0.0	0.0	0.0	0.0	0.8979592	0.0	0.0	0.0	0.05102041	0.009259259	0.009259259	0.0	0.0	0.0	0.0	0.0	0.0	0.0	0.08888889	0.0	0.0	0.0	0.0	0.0	0.0	0.0	0.0	0.0	0.0	0.0	0.0	0.0	0.0	0.0	0.0	0.0	0.07964602	0.0	0.0	0.0	0.0	0.0	0.0	0.0	0.0	0.0
0.0	0.0	0.0	0.0	0.0	0.0	0.0	0.0	0.0	0.0	0.0	0.0	0.0	0.0	0.0	0.0	0.0	0.0	0.0	0.007874016	0.0	0.0	0.010989011	0.0	0.0	0.0	0.0	0.0	0.010989011	0.0	0.0	0.0	0.0	0.0	0.0	0.0	0.0	0.0	0.0	0.0	0.0	0.0	0.0	0.0	0.0	0.028571429	0.00952381	0.0	0.0	0.009345794	0.0	0.0	1.0	0.5102041	0.0	0.0	0.0	0.0	0.8598131	0.0	0.0	0.0	0.07476635	0.0	0.0	0.0	0.0	0.0	0.0	0.0	0.0	0.0	0.05102041	0.0	0.0	0.010204081	0.0	0.0	0.0	0.0	0.0	0.0	0.0	0.01	0.0	0.0	0.0	0.0	0.0	0.0	0.07608695	0.0	0.0	0.0	0.0	0.0	0.0	0.0	0.0	0.0
0.0	0.0	0.0	0.0	0.0	0.0	0.0	0.0	0.0	0.0	0.0	0.0	0.0	0.0	0.0	0.010638298	0.0	0.0	0.0	0.05319149	0.0	0.0	0.0	0.0	0.0	0.0	0.0	0.0	0.0	0.0	0.0	0.0	0.0	0.0	0.0	0.0	0.0	0.0	0.0	0.0	0.01980198	0.0	0.0	0.0	0.0	0.0	0.0	0.0	0.0	0.025641026	0.0	0.0	1.0	0.45544556	0.0	0.0	0.0	0.0	0.84375	0.0	0.0	0.0	0.083333336	0.0	0.0	0.0	0.0	0.0	0.0	0.0	0.0	0.0	0.07692308	0.0	0.0	0.0	0.0	0.0	0.0	0.0	0.0	0.0	0.0	0.018691588	0.0	0.0	0.0	0.0	0.0	0.0	0.03125	0.0	0.0	0.0	0.0	0.0	0.0	0.0	0.0	0.0
0.0	0.0	0.0	0.0	0.0	0.0	0.0	0.0	0.0	0.0	0.0	0.0	0.0	0.0	0.0	0.0	0.0	0.0	0.0	0.03960396	0.0	0.0	0.0	0.0	0.0	0.0	0.0	0.0	0.0	0.0	0.0	0.0	0.0	0.0	0.0	0.0	0.0	0.0	0.0	0.0	0.0	0.0	0.0	0.0	0.0	0.0	0.0	0.0	0.019417476	0.0	0.0	0.01980198	1.0	0.47572815	0.0	0.0	0.0	0.0	0.86170214	0.0	0.0	0.0	0.05319149	0.0	0.0	0.0	0.0	0.0	0.011235955	0.0	0.0	0.0	0.07339449	0.0	0.0	0.009009009	0.0	0.0	0.0	0.0	0.0	0.0	0.0	0.010638298	0.0	0.0	0.0	0.0	0.0	0.0	0.058252428	0.0	0.0	0.0	0.0	0.0	0.0	0.0	0.0	0.0
0.0	0.0	0.0	0.0	0.0	0.0	0.0	0.0	0.0	0.0	0.0	0.0	0.0	0.0	0.0	0.0	0.0	0.0	0.00952381	0.028571429	0.0	0.0	0.0	0.0	0.0	0.0	0.0	0.0	0.0	0.0	0.0	0.0	0.0	0.0	0.0	0.0	0.0	0.0	0.0	0.009345794	0.0	0.0	0.0	0.0	0.0	0.0	0.0	0.0	0.010638298	0.010204081	0.0	0.0	1.0	0.4680851	0.0	0.0	0.0	0.0	0.8267717	0.0	0.0	0.0	0.047244094	0.01980198	0.0	0.0	0.0	0.00952381	0.0	0.0	0.0	0.0	0.08888889	0.0	0.0	0.0	0.0	0.0	0.0	0.0	0.0	0.0	0.0	0.020833334	0.0	0.0	0.0	0.0	0.0	0.0	0.046511628	0.0	0.0	0.0	0.0	0.0	0.0	0.0	0.0	0.0
0.0	0.0	0.0	0.0	0.0	0.0	0.0	0.0	0.0	0.0	0.0	0.0	0.0	0.0	0.0	0.0	0.0	0.0	0.0	0.057142857	0.0	0.0	0.0	0.0	0.0	0.0	0.010204081	0.0	0.008547009	0.0	0.0	0.0	0.0	0.0	0.0	0.0	0.0	0.0	0.0	0.0	0.0	0.0	0.0	0.0	0.0	0.009803922	0.0	0.0	0.020408163	0.02247191	0.0	0.011235955	1.0	0.4387755	0.0	0.0	0.0	0.21875	0.9166667	0.0	0.0	0.0	0.052083332	0.0	0.0	0.0	0.0	0.0	0.0	0.0	0.0	0.0	0.07070707	0.0	0.0	0.0	0.0	0.0	0.0	0.0	0.0	0.0	0.0	0.03809524	0.0	0.0	0.0	0.0	0.0	0.0	0.1010101	0.01010101	0.0	0.0	0.0	0.0	0.0	0.0	0.0	0.0
0.0	0.0	0.0	0.0	0.0	0.0	0.0	0.0	0.0	0.0	0.0	0.0	0.0	0.0	0.0	0.0	0.0	0.0	0.0	0.05102041	0.0	0.0	0.018518519	0.0	0.0	0.0	0.0	0.0	0.0	0.0	0.0	0.0	0.0	0.0	0.0	0.0	0.0	0.0	0.0	0.0	0.0	0.0	0.0	0.0	0.0	0.035714287	0.0	0.0	0.0	0.0	0.0	0.03125	1.0	0.45360824	0.0	0.0	0.0	0.23333333	0.81666666	0.0	0.0	0.0	0.016666668	0.0	0.009615385	0.0	0.0	0.0	0.0	0.0	0.0	0.0	0.05952381	0.0	0.0	0.010309278	0.0	0.0	0.0	0.0	0.0	0.0	0.0	0.02586207	0.0	0.0	0.0	0.0	0.0	0.0	0.08490566	0.0	0.0	0.0	0.0	0.0	0.0	0.0	0.0	0.010989011
0.0	0.0	0.0	0.0	0.0	0.0	0.0	0.0	0.0	0.0	0.0	0.0	0.0	0.0	0.0	0.0	0.0	0.0	0.0	0.025210084	0.0	0.0	0.0	0.0	0.0	0.0	0.0	0.0	0.0	0.0	0.0	0.0	0.0	0.0	0.0	0.0	0.0	0.0	0.0	0.00862069	0.0	0.0	0.0	0.0	0.0	0.02586207	0.0	0.0	0.010638298	0.011363637	0.0	0.0	1.0	0.4787234	0.0	0.0	0.0	0.0	0.8645833	0.0	0.010416667	0.0	0.041666668	0.0	0.0	0.0	0.0	0.0	0.0	0.0	0.0	0.0	0.06	0.0	0.0	0.0	0.0	0.0	0.0	0.0	0.0	0.0	0.0	0.0	0.0	0.0	0.0	0.0	0.0	0.0	1.0	0.0	0.0	0.0	0.0	0.0	0.0	0.0	0.0	0.0
0.0	0.0	0.0	0.0	0.0	0.0	0.0	0.0	0.0	0.0	0.0	0.0	0.0	0.0	0.0	0.0	0.0	0.009615385	0.0	0.03448276	0.0	0.0	0.0	0.0	0.0	0.01	0.0	0.0	0.02247191	0.0	0.0	0.0	0.0	0.0	0.0	0.0	0.0	0.0	0.0	0.018348623	0.0	0.0	0.0	0.0	0.0	0.0	0.0	0.0	0.008474576	0.024390243	0.008474576	0.0121951215	1.0	0.44915253	0.0	0.0	0.0	0.0	0.8943089	0.0	0.0	0.0	0.024390243	0.021052632	0.0	0.0	0.0	0.0	0.0	0.0	0.0	0.0	0.07017544	0.0	0.00877193	0.0	0.0	0.0	0.0	0.0	0.0	0.0	0.0	0.009615385	0.0	0.0	0.0	0.0	0.0	0.0	0.14772727	0.0	0.0	0.0	0.0	0.0	0.0	0.0	0.0	0.0
0.0	0.0	0.0	0.0	0.0	0.0	0.0	0.0	0.0	0.0	0.0	0.0	0.0	0.0	0.0	0.0	0.0	0.0	0.0	0.056074765	0.0	0.0	0.0	0.0	0.00862069	0.0	0.0	0.00877193	0.00877193	0.0	0.0	0.0	0.0	0.0	0.0	0.0	0.0	0.0	0.0	0.0	0.0	0.0	0.0	0.0	0.0	0.0	0.0	0.0	0.030612245	0.0	0.0	0.0	1.0	0.0	0.0	0.0	0.0	0.0	0.8557692	0.0	0.0	0.0	0.03846154	0.0	0.0	0.0	0.0	0.0	0.0	0.0	0.0	0.0	0.06	0.0	0.0	0.0	0.0	0.0	0.0	0.0	0.0	0.0	0.0	0.04761905	0.0	0.0	0.0	0.0	0.0	0.0	0.05	0.01	0.0	0.0	0.0	0.0	0.0	0.0	0.0	0.0
0.0	0.0	0.0	0.0	0.0	1.0	1.0	0.0	0.0	1.0	0.0	0.0	1.0	0.0	0.0	0.0088495575	0.0	0.0	0.0	0.026548672	0.0	0.0	0.010638298	0.0	0.0	0.0	0.0	0.0	0.0	0.0	0.0	0.0	0.0	0.0	0.0	0.0	0.0	0.0	0.0	0.009009009	0.0	0.0	0.0	0.0	0.0	0.3063063	0.0	0.0	0.01010101	0.009433962	0.0	0.009433962	1.0	0.5050505	0.0	0.0	0.0	0.0	0.8877551	0.0	0.0	0.0	0.020408163	0.00990099	0.0	0.0	0.0	0.0	0.0	0.0	0.011363637	0.011363637	0.13636364	0.011363637	0.0	0.0	0.0	0.0	0.0	0.0	0.0	0.0	0.0	0.009615385	0.0	0.0	0.0	0.009708738	0.0	0.010989011	0.043956045	0.0	0.0	0.0	0.0	0.0	0.0	0.0	0.0	0.0
0.0	0.0	0.0	0.0	0.0	0.0	0.0	0.0	0.0	0.0	0.0	0.0	0.0	0.0	0.0	0.0	0.0	0.0	0.0	0.018018018	0.0	0.0	0.0	0.0	0.0	0.0	0.0	0.0	0.0	0.0	0.0	0.0	0.0	0.0	0.0	0.0	0.0	0.0	0.0	0.00990099	0.0	0.0	0.0	0.0	0.0	0.0	0.0	0.0	0.009708738	0.0091743115	0.0	0.0	1.0	0.4854369	0.0	0.0	0.0	0.0	0.9130435	0.0	0.0	0.0	0.07608695	0.0	0.0	0.0	0.0	0.0	0.0	0.0	0.0	0.0	0.06422018	0.0	0.0	0.01	0.0	0.0	0.0	0.0	0.0	0.0	0.0	0.03960396	0.0	0.0	0.0	0.0	0.0	0.0	0.056818184	0.0	0.0	0.0	0.0	0.0	0.0	0.0	0.0	0.0
0.0	0.0	0.0	0.0	0.0	0.0	0.0	0.0	0.0	0.0	0.0	0.0	0.0	0.0	1.0	0.0	0.010309278	0.0	0.0	0.044247787	0.0	0.0	0.0	0.0	0.0	0.0	0.0	0.0	0.0	0.0	0.0	0.0	0.0	0.0	0.0	0.0	0.0	0.0	0.0	0.010204081	0.0	1.0	1.0	0.0	0.0	0.05102041	0.0	0.0	0.010204081	0.009345794	0.0	0.0	1.0	0.48979592	0.0	0.0	0.0	0.0	0.89830506	0.0	0.0	0.0	0.050847456	0.0	0.01904762	0.0	0.0	0.0	0.0	0.0	0.0	0.0	0.08163265	0.0	0.010204081	0.010638298	0.0	0.0	0.0	0.0	0.00990099	0.0	0.0	0.018518519	0.026785715	0.0	0.0	0.0	0.011111111	0.0	0.022222223	0.011111111	0.0	0.0	0.0	0.0	0.0	0.0	0.0	0.0
0.0	0.0	0.0	0.0	0.0	0.0	0.0	0.0	0.0	0.0	0.0	0.0	0.0	0.0	0.0	0.011235955	0.0	0.0	0.0	0.04494382	0.0	0.0	0.0	0.0	0.0	0.009708738	1.0	0.0	0.0	0.0	0.0	0.0	0.0	0.0	0.0	0.0	0.0	0.0	0.0	0.0091743115	0.010989011	0.0	0.0	0.0	0.0	0.027522936	0.0	0.0	0.010989011	0.025641026	0.0	0.0	1.0	0.4945055	0.0	0.0	0.0	0.0	0.9	0.0	0.0	0.0	0.03	0.010638298	0.0	0.0	0.0	0.0	0.0	0.0	0.0	0.0	0.116504855	0.0	0.0	0.0	0.0	0.0	0.0	0.0	0.0	0.0	0.0	0.028846154	0.0	0.0	0.0	0.0	0.0	0.0	0.086021505	0.010752688	0.0	0.0	0.0	0.0	0.0	0.0	0.009615385	0.0
0.0	0.0	0.0	0.0	0.0	0.0	0.0	0.0	0.0	0.0	0.0	0.0	0.0	0.0	0.0	0.0	0.0	0.0	0.0	0.039215688	0.0	0.0	0.0	0.0	0.0	0.0	0.0	0.0	0.00990099	0.0	0.0	0.0	0.0	0.0	0.0	0.0	0.0	0.0	0.0	0.009615385	0.0	0.0	0.0	0.0	0.0	0.0	0.0	0.0	0.0	0.031914894	0.0	0.0	1.0	0.4587156	0.0	0.0	0.0	0.0	0.8080808	0.0	0.0	0.0	0.07070707	0.010638298	0.0	0.0	0.0	0.0	0.0	0.0	0.0	0.0	0.03773585	0.0	0.0	0.0	0.0	0.0	0.0	0.0	0.0	0.0	0.0	0.010638298	0.0	0.0	0.0	0.0	0.0	0.0	0.08080808	0.0	0.01010101	0.0	0.0	0.0	0.0	0.0	0.0	0.01
0.0	0.0	0.0	0.0	0.0	0.0	0.0	0.0	0.0	0.0	0.0	0.0	0.0	0.0	0.0	0.0	0.0	0.0	0.0	0.05102041	0.0	0.0	0.0	0.0	0.0	0.010309278	0.0	0.0	0.0	0.0	0.0	0.0	0.0	0.0	0.0	0.0	0.0	0.0	0.0	0.0	0.0	0.0	0.0	0.0	0.0	0.031578947	0.010526316	0.0	0.0	0.010638298	0.0	0.021276595	1.0	0.48958334	0.0	0.0	0.0	0.0	0.8898305	0.0	0.0	0.0	0.042372882	0.0	0.0	0.0	0.0	0.0	0.0	0.0	0.0	0.0	0.031578947	0.0	0.0	0.0	0.0	0.0	0.0	0.0	0.0	0.0	0.0	0.009708738	0.0	0.0	0.0	0.0	0.0	0.0	0.0990991	0.0	0.0	0.0	0.009009009	0.0	0.0	0.0	0.0	0.0
0.0	0.0	0.0	0.0	0.0	0.0	0.0	0.0	0.0	0.0	0.0	0.0	0.0	0.0	0.0	0.0	0.0	0.0	0.0	0.019607844	0.0	0.0	0.0	0.0	0.0	0.0	0.010309278	0.0	0.00952381	0.0	0.0	0.0	0.0	0.0	0.0	0.0	0.0	0.0	0.0	0.019417476	0.0	0.0	0.0	0.0	0.0	0.0	0.0	0.0	0.009803922	0.019417476	0.0	0.019417476	1.0	0.49019608	0.0	0.0	0.0	0.0	0.8947368	0.0	0.0	0.0	0.04385965	0.010204081	0.0	0.0	0.0	0.0	0.0	0.0	0.0	0.0	0.056179777	0.0	0.0	0.0	0.0	0.0	0.0	0.0	0.0	0.0	0.0	0.043956045	0.0	0.0	0.0	0.0	0.0	0.0	0.072916664	0.0	0.0	0.0	0.0	0.0	0.0	0.0	0.0	0.0
0.0	0.0	0.0	0.0	0.0	0.0	0.0	0.0	0.0	0.0	0.0	0.0	0.0	0.0	0.0	0.008547009	0.0	0.0	0.0	0.094017096	0.0	0.0	0.0	0.0	0.0	0.0	0.0	0.0	0.0	0.0	0.0	0.0	0.0	0.0	0.0	0.011235955	0.0	0.0	0.0	0.0	0.0	0.0	0.0	0.0	0.0	0.0	0.0	0.0	0.0	0.010869565	0.0	0.0	1.0	0.49514562	0.0	0.0	0.0	0.01	0.9	0.0	0.0	0.0	0.03	0.0	0.0	0.0	0.0	0.0	0.0	0.0	0.0	0.0	0.03809524	0.0	0.0	0.0	0.0	0.0	0.0	0.0	0.0	0.0	0.0	0.03809524	0.0	0.0	0.0	0.0	0.0	0.0	0.10891089	0.00990099	0.0	0.0	0.0	0.0	0.0	0.0	0.0	0.0
0.0	0.0	0.0	0.0	0.0	0.0	0.0	0.0	0.0	0.0	0.0	0.0	0.0	0.0	0.0	0.0	0.008264462	0.0	0.012048192	0.04819277	0.0	0.0	0.0	0.0	0.0	0.0	0.0	0.0	0.0	0.0	0.0	0.0	0.0	0.0	0.0	0.0	0.0	0.0	0.010309278	0.00952381	0.0	0.0	0.0	0.0	0.0	0.2857143	0.0	0.0	0.0	0.01	0.0	0.0	1.0	0.45360824	0.0	0.0	0.0	0.0	0.9310345	0.0	0.0	0.0	0.04597701	0.0	0.0	0.0	0.0	0.0	0.0	0.0	0.0	0.0	0.11764706	0.0	0.0	0.0	0.0	0.0	0.0	0.0	0.0	0.0	0.0	0.009259259	0.0	0.0	0.0	0.0	0.0	0.0	0.07476635	0.0	0.0	0.0	0.0	0.0	0.0	0.0	0.0	0.0
0.0	0.0	0.0	0.0	0.0	0.0	0.0	0.0	0.0	0.0	0.0	0.0	0.0	0.0	0.010309278	0.009090909	0.0	0.0	0.0	0.027272727	0.0	0.0	0.0	0.0	0.0	0.0	0.01010101	0.0	0.0	0.0	0.0	0.0	0.0	0.0	0.0	0.0	0.0	0.0	0.0	0.011363637	0.0	0.0	0.0	0.0	0.0	0.0	0.0	0.0	0.0	0.022222223	0.0	0.0	1.0	0.44329897	0.0	0.0	0.0	0.0	0.92727274	0.0	0.0	0.0	0.06363636	0.0	0.0	0.0	0.0	0.0	0.0	0.0	0.0	0.0	0.043956045	0.0	0.0	0.0	0.0	0.0	0.0	0.0	0.0	0.0	0.0	0.01923077	0.0	0.0	0.0	0.0	0.0	0.0	0.104761906	0.0	0.0	0.0	0.0	0.0	0.0	0.0	0.0	0.010204081
0.0	0.0	0.0	0.0	0.0	0.0	0.0	0.0	0.0	0.0	0.0	0.009433962	0.0	0.03773585	0.0	0.0	0.0	0.0	0.0	0.028301887	0.0	0.0	0.011494253	0.018518519	0.0	0.0	0.0	0.0	0.011494253	0.0	0.010752688	0.0	0.0	0.0	0.0	0.011494253	0.0	0.0	0.0	0.021052632	0.0	0.0	0.010526316	0.0	0.0	0.021052632	0.0	0.00877193	0.00877193	0.0	0.00877193	0.15238096	1.0	0.51754385	0.0	0.028571429	0.0121951215	0.0	0.9390244	0.0	0.0	0.0121951215	0.036585364	0.009259259	0.0	0.0	0.0	0.0	0.0	0.0	0.0	0.010526316	0.17894737	0.0	0.0	0.0	0.0	0.0	0.0	0.009803922	0.0	0.0	0.0	0.01904762	0.0	0.0	0.0	0.009803922	0.0	0.020833334	0.052083332	0.010416667	0.0	0.0	0.0	0.0	0.0	0.01010101	0.0	0.01010101
0.009090909	0.0	0.0	0.0	0.0	0.0	0.0	0.0	0.0	0.0	0.0	0.0	0.0	0.0	0.0	0.0	0.0	0.0	0.0	0.04761905	0.0	0.0	0.0	0.0	0.0	0.0	0.0	0.0	0.0	0.0	0.0	0.0	0.0	0.0	0.0	0.0	0.0	0.0	0.0	0.009708738	0.0	0.0	0.0	0.0	0.0	0.0	0.0	0.0	0.0	0.01	0.0	0.0	1.0	0.5	0.0	0.0	0.0	0.0	0.875	0.0	0.008928572	0.0	0.08928572	0.009803922	0.0	0.0	0.0	0.0	0.0	0.0	0.0	0.0	0.054945055	0.0	0.010989011	0.0	0.0	0.0	0.0	0.0	0.0	0.0	0.0	0.04347826	0.00877193	0.0	0.0	0.0	0.0	0.0	0.12941177	0.0	0.011764706	0.0	0.0	0.0	0.0	0.0	0.0	0.0
0.0	0.0	0.0	0.0	0.0	0.0	0.0	0.0	0.0	0.0	0.0	0.0	0.0	0.0	0.0	0.0	0.0	0.0	0.0	0.054054055	0.0	0.0	0.0	0.0	0.0	0.0	0.0	0.0	0.011494253	0.0	0.0	0.0	0.0	0.0	0.0	0.0	0.0	0.0	0.021276595	0.00729927	0.0	0.0	0.0	0.0	0.0	0.02189781	0.0	0.41489363	0.021276595	0.010989011	0.0	0.0	1.0	0.4787234	0.0	0.0	0.0	0.0	0.8924731	0.0	0.0	0.0	0.032258064	0.009090909	0.0	0.0	0.0	0.0	0.0	0.0	0.0	0.0	0.03883495	0.0	0.0	0.0	0.0	0.0	0.0	0.0	0.0	0.0	0.0	0.0	0.0	0.0	0.0	0.0	0.0	0.0	0.0989011	0.010989011	0.0	0.0	0.0	0.0	0.0	0.0	0.0	0.0
0.0	0.0	0.0	0.0	0.0	0.0	0.0	0.009615385	0.0	0.01923077	0.009615385	0.019417476	0.0	0.0	0.0	1.0	1.0	1.0	1.0	1.0	1.0	1.0	1.0	0.033333335	0.011111111	0.011111111	0.011111111	0.032786883	0.016393442	0.0	0.0	0.009433962	0.0	0.008196721	0.0	0.0	0.0	0.0	0.0	0.010869565	0.0	0.0	0.0	0.0	0.0	0.032608695	0.0	0.0	0.0	0.021978023	0.0	0.021978023	1.0	0.4732143	0.021978023	0.0	0.0	0.0	0.9223301	0.0091743115	0.0	0.0	0.03883495	0.0	0.0	0.0	0.0	0.0	0.0	0.0	0.00952381	0.00952381	0.07619048	0.00952381	0.0	0.0	0.0	0.0	0.0	0.0	0.020618556	0.0	0.0	0.025423728	0.0	0.0	0.0	0.0	0.0	0.0	0.036144577	0.0	0.0	0.0	0.0	0.0	0.0	0.0	0.0	0.0
0.0	0.0	0.0	0.0	0.0	0.0	0.0	0.0	0.0	0.0	0.0	0.0	0.0	0.0	0.0	0.0	0.0	0.0	0.0	0.018018018	0.0	0.0	0.0	0.0	0.0	0.0	0.009259259	0.0	0.0	0.0	0.0	0.0	0.0	0.0	0.0	0.0	0.0	0.0	0.0	0.01	0.0	0.0	0.0	0.0	0.0	0.0	0.0	0.0	0.0	0.01	0.0	0.0	1.0	0.49473685	0.0	0.0	0.0	0.0	0.84158415	0.0	0.0	0.0	0.06930693	0.0	0.0	0.0	0.0	0.0	0.0	0.0	0.0	0.0	0.078431375	0.0	0.0	0.0	0.0	0.0	0.0	0.0	0.0	0.0	0.0	0.050847456	0.0	0.0	0.0	0.0	0.0	0.0	0.07339449	0.0	0.0	0.0	0.0	0.0	0.0	0.0	0.0	0.0
0.0	0.0	0.0	0.0	0.0	0.0	0.0	0.0	0.0	0.0	0.0	0.0	0.0	0.0	0.0	0.01010101	0.0	0.0	0.0	0.02020202	0.0	0.0	0.0	0.0	0.0	0.0	0.0	0.0	0.0	0.0	0.0	0.0	0.0	0.0	0.0	0.0	0.0	0.0	0.0	0.01	0.0	0.0	0.0	0.0	0.0	0.0	0.0	0.0	0.010526316	0.0	0.0	0.0	1.0	0.42105263	0.0	0.0	0.0	0.0	0.82828283	0.0	0.0	0.0	0.030303031	0.0	0.0	0.0	0.0	0.0	0.0	0.0	0.0	0.0	0.09756097	0.0	0.0	0.0	0.0	0.0	0.0	0.0	0.0	0.0	0.0	0.018518519	0.0	0.0	0.0	0.0	0.0	0.0	0.10280374	0.0	0.0	0.0	0.0	0.0	0.0	0.0	0.0	0.0
0.0	0.0	0.0	0.0	0.0	0.0	0.0	0.0	0.0	0.0	0.0	0.0	0.0	0.0	0.0	0.0	0.0	0.01010101	0.0	0.06329114	0.0	0.0	0.0	0.0	0.0121951215	0.0	0.0	0.0	0.0	0.0	0.0	0.0	0.0	0.0	0.0	0.0	0.0	0.0	0.0	0.0	0.00862069	0.0	0.0	0.0	0.0	0.094339624	0.0	0.0	0.00862069	0.009708738	0.0	0.009708738	1.0	0.4827586	0.0	0.0	0.0	0.0	0.9245283	0.0	0.0	0.0	0.028301887	0.0	0.0	0.0	0.0	0.0	0.0	0.0	0.0	0.0	0.15555556	0.0	0.0	0.0	0.0	0.0	0.0	0.0	0.0	0.0	0.010752688	0.01980198	0.0	0.0	0.0	0.0	0.0	0.0	0.0776699	0.0	0.009708738	0.0	0.0	0.00990099	0.0	0.0	0.0	0.0
0.0	0.0	0.0	0.0	0.0	0.0	0.0	0.0	0.0	0.0	0.0	0.0	0.0	0.0	0.0	0.0	0.0	0.0	0.0	0.05172414	0.0	0.0	0.0	0.0	0.0	0.0	0.0	0.0	0.0	0.0	0.0	0.0	0.0	0.0	0.0	0.0	0.0	0.0	0.01	0.010638298	0.0	0.0	0.0	0.0	0.0	0.031914894	0.0	0.0	0.01	0.0	0.0	0.009803922	1.0	0.5	0.0	0.0	0.0	0.0	0.84761906	0.0	0.0	0.0	0.04761905	0.0	0.0	0.0	0.0	0.0	0.0	0.0	0.0	0.0	0.07777778	0.0	0.0	0.0	0.0	0.0	0.0	0.0	0.0	0.0	0.0	0.008333334	0.0	0.0	0.0	0.0	0.0	0.0	0.114583336	0.0	0.0	0.0	0.0	0.0	0.0	0.0	0.0	0.0
0.9894737	0.0	0.0	0.0	0.0	0.0	0.0	0.0	0.0	0.0	0.0	0.0	0.0	0.010638298	0.0	1.0	0.0	0.9880952	0.010638298	0.010638298	0.0	0.0	0.011235955	0.010752688	0.0	0.0	0.0	0.0	0.98876405	0.0	0.01010101	0.0	0.989899	0.98876405	0.01010101	0.0	0.97979796	0.0	0.9270833	0.9917355	0.96875	0.0	0.0	0.9504132	0.96875	0.05785124	1.0	0.0	0.9895833	1.0	0.8020833	0.8181818	1.0	0.5833333	0.0	0.0	0.0	0.007518797	1.0	1.0	1.0	0.015037594	0.015037594	0.0	0.0	0.0	0.0	0.97590363	1.0	0.0	0.13861386	0.14851485	0.990099	0.0	0.0	0.010204081	0.28115016	0.29591838	0.0	0.0	0.022727273	0.0	0.0088495575	0.5673077	0.0	1.0	0.96460176	0.0	0.0	0.95098037	0.05882353	1.0	0.019607844	1.0	0.99019605	1.0	1.0	1.0	0.009615385	0.0
0.0	0.0	0.0	0.0	0.0	0.0	0.0	0.0	0.0	0.0	0.0	0.0	0.0	0.0	0.0	1.0	1.0	1.0	1.0	1.0	1.0	1.0	1.0	0.0	0.0	0.0	0.0	0.0	0.00990099	0.0	0.0	0.0	0.0	0.0	0.0	0.0	0.0	0.0	0.009090909	0.01980198	0.0	0.0	0.0	0.0	0.0	0.07920792	0.0	0.0	0.009090909	0.0	0.0	0.0	1.0	0.4909091	0.0	0.0	0.0	0.0	0.94949496	0.0	0.0	0.0	0.02020202	0.0	0.0	0.0	0.0	0.0	0.0091743115	0.0	0.0	0.0	0.083333336	0.0	0.0	0.00990099	0.0	0.0	0.0	0.0	0.0	0.0	0.0	0.020408163	0.0	0.0	0.0	0.009708738	0.0	0.0088495575	0.088495575	0.0	0.0	0.0	0.0	0.0	0.0	0.0	0.0	0.0
0.0	0.0	0.0	0.0	0.0	0.0	0.0	0.0	0.0	0.0	0.0	0.0	0.0	0.0	0.0	0.0	0.0	0.010204081	0.0	0.017857144	0.0	0.0	0.0	0.0	0.0	0.0	0.0	0.0	0.0091743115	0.0	0.0	0.0	0.0	0.0	0.0	0.0	0.0	0.0	0.0	0.0	0.0	0.0	0.0	0.0	0.0	0.0	0.0	0.0	0.011627907	0.033707865	0.0	0.0	1.0	0.4651163	0.0	0.0	0.0	0.0	0.875	0.0	0.010416667	0.0	0.041666668	0.0	0.0	0.0	0.0	0.0	0.0	0.0	0.0	0.0	0.06140351	0.0	0.0	0.0	0.0	0.0	0.0	0.0	0.0	0.0	0.0	0.053097345	0.0	0.0	0.0	0.0	0.0	0.0	0.054347824	0.0	0.0	0.0	0.0	0.0	0.0	0.0	0.0	0.0
0.0	0.0	0.0	0.0	0.0	0.0	0.0	0.0	0.0	0.0	0.0	0.0	0.0	0.0	0.0	0.0045871558	0.0	0.0	0.0	0.055045873	0.0	0.0	0.0	0.0	0.0	0.0	0.0	0.0	0.0050251256	0.0	0.0	0.0	0.0	0.0	0.0	0.0	0.0	0.0	0.0	0.0054644807	0.0	0.0	0.0	0.0	0.004761905	0.021857923	0.0	0.0	0.004761905	0.004878049	0.0	0.004878049	1.0	0.4857143	0.0	0.0	0.0	0.0	0.8743719	0.0	0.0	0.0	0.025125628	0.004484305	0.0	0.0	0.0	0.0	0.0	0.0	0.0	0.0	0.03723404	0.0	0.0	0.0	0.0	0.0	0.0	0.0	0.0	0.0	0.0	0.015873017	0.0	0.0	0.0	0.0	0.0	0.0	0.089201875	0.0	0.0	0.0	0.0	0.0	0.0	0.0	0.0	0.0
0.0	0.0	0.0	0.0	0.0	0.0	0.0	0.0	0.0	0.0	0.0	0.0	0.0	0.0	0.0	0.01010101	0.0	0.0	0.0	0.04040404	0.0	0.0	0.009708738	0.0	0.0	0.011627907	0.0	0.0	0.0	0.0	0.0	0.0	0.0	0.0	0.0	0.0	0.0	0.0	0.0	0.030612245	0.0	0.0	0.0	0.0	0.0	0.0	0.0	0.0	0.0	0.010416667	0.0	0.0	1.0	0.4949495	0.0	0.0	0.0	0.0	0.87777776	0.0	0.0	0.0	0.044444446	0.0	0.0	0.0	0.0	0.0	0.0	0.0	0.0	0.0	0.041666668	0.0	0.0	0.0	0.0	0.0	0.0	0.0	0.0	0.0	0.0	0.0	0.0	0.0	0.0	0.0	0.0	0.0	0.12264151	0.0	0.0	0.0	0.0	0.0	0.0	0.0	0.0	0.0
0.0	0.0	0.0	0.0	0.0	0.0	0.0	0.0	0.0	0.0	0.0	0.0	0.0	0.0	0.0	0.0	0.0	0.0	0.0	0.037383176	0.0	0.0	0.0	0.0	0.0	0.009615385	0.0	0.0	0.0	0.0	0.0	0.0	0.0	0.0	0.0	0.0	0.0	0.0	0.0	0.0	0.0	0.0	0.0	0.0	0.0	0.0	0.0	0.0	0.01010101	0.0	0.0	0.00990099	1.0	0.4949495	0.0	0.0	0.009090909	0.0	0.8727273	0.0	0.0	0.0	0.027272727	0.0	0.0	0.0	0.0	0.0	0.0	0.0	0.0	0.0	0.06451613	0.0	0.0	0.0	0.0	0.0	0.0	0.0	0.0	0.0	0.0	0.011111111	0.0	0.0	0.0	0.0	0.0	0.0	0.04040404	0.0	0.0	0.0	0.0	0.0	0.0	0.0	0.0	0.0
0.0	0.0	0.0	0.0	0.0	0.0	0.0	0.0	0.0	0.0	0.0	0.0	0.0	0.0	0.0	0.0	0.0	0.0	0.0	0.04761905	0.0	0.0	0.0	0.0	0.0	0.0	0.0	0.0	0.010204081	0.0	0.0	0.0	0.0	0.0	0.0	0.0	0.0	0.0	0.0	0.010309278	0.0	0.0	0.0	0.0	0.010752688	0.0	0.0	0.0	0.021505376	0.0	0.0	0.0	1.0	0.47311828	0.0	0.0	0.0	0.0	0.8888889	0.0	0.0	0.0	0.05050505	0.0	0.0	0.0	0.0	0.0	0.0	0.0	0.0	0.0	0.069565214	0.0	0.0	0.0	0.0	0.0	0.0	0.0	0.0	0.0	0.0	0.03076923	0.0	0.0	0.0	0.0	0.0	0.0	0.086538464	0.0	0.0	0.0	0.0	0.0	0.0	0.0	0.0	0.0
0.0	0.0	0.0	0.0	0.0	0.0	0.0	0.0	0.0	0.0	0.0	0.0	0.0	0.0	0.0	0.0	0.0	0.0	0.00990099	0.01980198	0.0	0.0	0.0	0.0	0.0	0.0	0.0	0.0	0.0	0.0	0.0	0.0	0.0	0.0	0.0	0.0	0.0	0.0	0.0080	0.02020202	0.0	0.0	0.0	0.0	0.0	0.0	0.0	0.0	0.0080	0.020618556	0.0	0.0	1.0	0.48	0.0	0.0	0.0	0.0	0.8541667	0.0	0.0	0.0	0.03125	0.0	0.0	0.0	0.0	0.0	0.0	0.0	0.0	0.0	0.09090909	0.0	0.0	0.0	0.0	0.0	0.0	0.0	0.0	0.0	0.0	0.026785715	0.0	0.0	0.0	0.0	0.0	0.0	0.08163265	0.0	0.0	0.0	0.010204081	0.0	0.0	0.0	0.008928572	0.0
0.0	0.0	0.0	0.0	0.0	0.0	0.0	0.0	0.0	0.0	0.0	0.0	0.0	0.0	0.0	0.0	0.0	0.0	0.0	0.0625	0.0	0.0	0.0	0.0	0.0	0.0	0.0	0.0	0.0	0.0	0.0	0.0	0.0	0.0	0.0	0.0	0.0	0.0	0.0	0.0	0.0	0.0	0.0	0.0	0.0	0.04347826	0.0	0.0	0.0	0.011111111	0.0	0.0	1.0	0.4661017	0.0	0.0	0.0	0.0	0.85148513	0.0	0.0	0.0	0.02970297	0.0	0.0	0.0	0.0	0.0	0.0	0.0	0.0	0.0	0.08695652	0.0	0.0	0.0	0.0	0.0	0.0	0.0	0.0	0.0	0.0	0.036363635	0.0	0.0	0.0	0.0	0.0	0.009345794	0.028037382	0.0	0.0	0.0	0.0	0.0	0.0	0.0	0.0	0.0
0.0	0.0	0.0	0.0	0.0	0.0	0.0	0.0	0.0	0.0	0.0	0.0	0.0	0.0	0.0	0.009090909	0.0	0.0	0.0	0.054545455	0.0	0.0	0.0	0.0	0.0	0.0	0.0	0.0	0.0	0.0	0.0	0.0	0.0	0.0	0.0	0.010309278	0.0	0.0	0.008695652	0.0	0.0	0.0	0.0	0.0	0.0	0.018691588	0.009345794	0.0	0.0	0.0	0.0	0.017699115	1.0	0.4173913	0.0	0.0	0.0	0.0	0.97029704	0.0	0.0	0.0	0.089108914	0.0	0.0	0.0	0.0	0.0	0.0	0.0	0.0	0.0	0.04587156	0.0	0.0	0.0	0.0	0.0	0.0	0.0	0.0	0.0	0.0	0.009615385	0.010869565	0.0	0.0	0.0	0.0	0.0	0.03809524	0.0	0.0	0.0	0.0	0.0	0.0	0.0	0.0	0.0
0.0	0.0	0.0	0.0	0.0	0.0	0.0	0.0	0.0	0.0	0.0	0.0	0.0	0.0	0.0	0.0	0.008474576	0.0	0.0	0.05319149	0.0	0.0	0.0	0.0	0.0	0.0	0.0	0.0	0.0	0.0	0.0	0.0	0.0	0.0	0.0	0.0	0.0	0.0	0.0	0.010752688	0.0	0.0	0.0	0.0	0.0	0.0	0.0	0.0	0.0	0.010526316	0.0	0.0	1.0	0.49462366	0.0	0.0	0.0	0.0	0.8541667	0.0	0.0	0.0	0.03125	0.0	0.0	0.0	0.0	0.0	0.0	0.0	0.0	0.0	0.046296295	0.0	0.0	0.0	0.0	0.0	0.0	0.0	0.0	0.0	0.0	0.023809524	0.0	0.0	0.0	0.008130081	0.0	0.0	0.05940594	0.00990099	0.00990099	0.0	0.0	0.0	0.0	0.0	0.0	0.01010101
0.12	0.06	0.05	0.03	0.01	0.01	0.03	0.008130081	0.01	0.008130081	0.016260162	0.06930693	0.07317073	0.04950495	0.07317073	0.05940594	0.07317073	0.040650405	0.03960396	0.14851485	0.009259259	0.08130081	0.097087376	0.037037037	0.083333336	0.083333336	0.09259259	0.067961164	0.009708738	0.037037037	0.021052632	0.05263158	0.06315789	0.058252428	0.0	0.058252428	0.05263158	0.054545455	0.13	0.045454547	0.04	0.054545455	0.07272727	0.036363635	0.03	0.36363637	0.027272727	0.0	0.08	0.10526316	0.04	0.12631579	1.0	0.53	0.10526316	0.06315789	0.16666667	0.071428575	0.95238096	0.09090909	0.05952381	0.023809524	0.10714286	0.13541667	0.0625	0.0	0.055555556	0.033333335	0.0	0.055555556	0.0927835	0.0927835	0.25773194	0.082474224	0.05154639	0.069565214	0.010169491	0.017391304	0.017391304	0.14666666	0.0	0.08888889	0.026666667	0.10280374	0.053333335	0.0	0.06666667	0.013333334	0.0952381	0.07619048	0.114285715	0.028571429	0.057142857	0.028571429	0.06666667	0.06542056	0.08737864	0.097087376	0.07476635	0.03883495
0.0	0.0	0.0	0.0	0.0	0.0	0.0	0.0	0.0	0.0	0.0	0.0	0.0	0.0	0.0	0.0	0.0	0.0	0.0	0.048780486	0.0	0.0	0.011111111	0.0	0.0	0.0	0.0	0.0	0.0	0.0	0.0	0.0	0.0	0.0	0.0	0.0	0.0	0.0	0.0	0.021052632	0.0	0.0	0.0	0.0	0.0	0.05263158	0.0	0.0	0.009090909	0.022988506	0.0	0.0	1.0	0.46363637	0.0	0.0	0.0	0.0	0.9130435	0.0	0.0	0.0	0.069565214	0.0	0.0	0.0	0.0	0.0	0.0	0.009615385	0.0	0.0	0.06451613	0.0	0.0	0.0	0.0	0.0	0.0	0.0	0.0	0.0	0.0	0.0121951215	0.0	0.0	0.0	0.0	0.0	0.0	0.12037037	0.0	0.0	0.0	0.0	0.0	0.0	0.0	0.0	0.0
0.0	0.0	0.0	0.0	0.0	0.0	0.0	0.0	0.0	0.0	0.0	0.0	0.0	0.0	0.0	0.0	0.0	0.0	0.0	0.024096385	0.0	0.0	0.009433962	0.0	0.0	0.0	0.0	0.0	0.009433962	0.0	0.0	0.0	0.0	0.0	0.0	0.0	0.0	0.0	0.010309278	0.0	0.0	0.0	0.0	0.0	0.0	0.01754386	0.0	0.40206185	0.0	0.01	0.0	0.0	1.0	0.556701	0.0	0.0	0.0	0.0	0.875	0.0	0.0	0.011363637	0.045454547	0.0	0.0	0.0	0.0	0.0	0.0	0.0	0.0	0.0	0.06603774	0.0	0.0	0.0	0.0	0.0	0.0	0.0	0.0	0.0	0.0	0.034782607	0.0	0.0	0.0	0.0	0.0	0.0	0.07438017	0.0	0.0	0.0	0.0	0.0	0.0	0.0	0.0	0.0
0.0	0.0	0.0	0.0	0.0	0.0	0.0	0.0	0.00990099	0.0	0.0	0.0	0.0	0.0	1.0	0.0	0.009259259	0.0	0.0	0.042735044	0.0	0.0	0.0	0.0	0.0	0.0	0.0	0.0	0.0	0.0	0.0	0.0	0.0	0.0	0.0	0.0	0.0	0.0	0.0	0.0	0.0	0.0	0.0	0.0	0.0	0.044444446	0.0	0.0	0.0	0.020618556	0.0	0.030927835	1.0	0.38392857	0.0	0.0	0.0	0.0	0.88235295	0.0	0.0	0.0	0.039215688	0.011494253	0.0	0.0	0.0	0.0	0.0	0.0	0.0	0.0	0.14285715	0.0	0.0	0.0	0.0	0.0	0.01754386	0.0	0.0	0.0	0.0	0.033333335	0.010416667	0.0	0.0	0.0	0.0	0.0	0.045045044	0.009009009	0.0	0.0	0.0	0.0	0.0	0.0	0.0	0.0
0.0	0.0	0.0	0.0	0.0	0.0	0.0	0.0	0.0	0.0	0.0	0.0	0.0	0.0	0.0	0.0	0.0	0.0	0.0	0.04901961	0.0	0.0	0.0	0.0	0.0	0.0	0.0	0.0	0.0	0.0	0.0	0.0	0.0	0.0	0.0	0.0	0.0	0.0	0.010416667	0.021276595	0.0	0.0	0.0	0.0	0.0	0.031914894	0.010638298	0.0	0.0	0.036697246	0.0	0.018348623	1.0	0.45833334	0.0091743115	0.04587156	0.017857144	0.0	0.9285714	0.0	0.0	0.0	0.04464286	0.0	0.0	0.0	0.0	0.0	0.0	0.0	0.0	0.0	0.101123594	0.011235955	0.0	0.0	0.0	0.0	0.0	0.0	0.0	0.0	0.0	0.010752688	0.0	0.0	0.0	0.0	0.0	0.0	0.032258064	0.010752688	0.0	0.0	0.0	0.0	0.0	0.0	0.0	0.0
0.0	0.0	0.0	0.0	0.0	0.0	0.0	0.0	0.0	0.0	0.0	0.0	0.0	0.0	0.0	0.0	0.0	0.0	0.0	0.0	0.0	0.0	0.0	0.0	0.0	0.0	0.0	0.0	0.0	0.0	0.0	0.0	0.0	0.0	0.0	0.0	0.0	0.0	0.0	0.00952381	0.0	0.0	0.0	0.0	0.0	0.0	0.0	0.0	0.0	0.017699115	0.0	0.0088495575	1.0	0.48387095	0.0	0.0	0.0	0.0	0.85714287	0.0	0.0	0.0	0.032967035	0.0	0.0	0.0	0.0	0.0	0.0	0.0	0.0	0.0	0.09375	0.0	0.25	0.0	0.0	0.0	0.0	0.0	0.0	0.0	0.0	0.020833334	0.0	0.0	0.0	0.0	0.0	0.0	0.09322034	0.0	0.008474576	0.0	0.0	0.0	0.0	0.0	0.0	0.0
0.0	0.0	0.0	0.0	0.0	0.0	0.0	0.0	0.0	0.0	0.0	0.0	0.0	0.0	0.0	0.0	0.0	0.0	0.0	0.05050505	0.0	0.0	0.0	0.0	0.00877193	0.01754386	0.00877193	0.0	0.0	0.00877193	0.0	0.0	0.0	0.0	0.0	0.0	0.0	0.0	0.01	0.010416667	0.0	0.0	0.0	0.0	0.0	0.0	0.010416667	0.0	0.02	0.0	0.0	0.0	1.0	0.47	0.0	0.0	0.0	0.0	0.7916667	0.0	0.0	0.0	0.0625	0.0	0.0	0.0	0.0	0.0	0.0	0.0	0.0	0.0	0.05263158	0.0	0.0	0.0	0.0	0.0	0.0	0.0	0.0	0.0	0.0	0.04950495	0.0	0.0	0.0	0.0	0.0	0.0	0.04255319	0.0	0.0	0.0	0.0	0.0	0.0	0.0	0.0	0.0
0.009433962	0.0	0.028301887	0.009433962	0.009433962	0.0	0.0	0.0	0.0	0.0	0.0	0.0	0.0	0.009803922	0.0	0.019607844	0.010204081	0.0	0.009803922	0.05882353	0.00862069	0.010204081	0.019607844	0.00862069	0.01724138	0.03448276	0.02586207	0.0	0.009803922	0.00862069	0.011494253	0.022988506	0.0	0.0	0.0	0.0	0.0	0.0	0.028301887	0.009090909	0.0	0.0	0.0	0.009090909	0.0	0.027272727	0.06363636	0.0	0.009433962	0.011111111	0.0	0.011111111	1.0	0.4056604	0.0	0.011111111	0.0	0.026548672	0.9026549	0.0	0.0088495575	0.0088495575	0.061946902	0.0	0.0	0.0	0.0088495575	0.0	0.0	0.0	0.018867925	0.018867925	0.0754717	0.018867925	0.018867925	0.0	0.010309278	0.0	0.011363637	0.010204081	0.0	0.0	0.0	0.067307696	0.0	0.0	0.0	0.010204081	0.0	0.0	0.0952381	0.0	0.0	0.0	0.00952381	0.0	0.010526316	0.010526316	0.009615385	0.010526316
0.0	0.0	0.0	0.0	0.0	0.0	0.0	0.0	0.0	0.0	0.0	0.0	0.0	0.0	0.0	0.009345794	0.0	0.0	0.0	0.06542056	0.0	0.0	0.0	0.0	0.010638298	0.0	0.0	0.0	0.011363637	0.0	0.0	0.0	0.0	0.0	0.0	0.0	0.0	0.0	0.0	0.009433962	0.0	0.0	0.0	0.0	0.0	0.03773585	0.0	0.0	0.0	0.00877193	0.0	0.0	1.0	1.0	0.0	0.0	0.0	0.0	0.88235295	0.0	0.0	0.0	0.039215688	0.0	0.0	0.0	0.0	0.0	0.0	0.0	0.0	0.0	0.09090909	0.01010101	0.0	0.0	0.0	0.0	0.0	0.0	0.0	0.0	0.0	0.036036037	0.0	0.0	0.0	0.0	0.0	0.0	0.07476635	0.0	0.0	0.0	0.0	0.0	0.0	0.0	0.0	0.0
0.0	0.0	0.0	0.0	0.0	0.0	0.0	0.0	0.0	0.0	0.0	0.0	0.0	0.0	0.0	0.0	0.0	0.0	0.0	0.03	0.0	0.0	0.0	0.0	0.0	0.0	0.0	0.0	0.0	0.0	0.0	0.0	0.0	0.0	0.0	0.0	0.0	0.0	0.0	0.0	0.0	0.0	0.0	0.0	0.0	0.017699115	0.0	0.0	0.0	0.010416667	0.0	0.0	1.0	0.49514562	0.0	0.0	0.0	0.0	0.86734694	0.0	0.0	0.0	0.06122449	0.008695652	0.0	0.0	0.0	0.0	0.0	0.0	0.0	0.0	0.06593407	0.0	0.0	0.0	0.0	0.0	0.0	0.0	0.0	0.0	0.0	0.0	0.0	0.0	0.0	0.0	0.0	0.0	0.09677419	0.0	0.0	0.0	0.0	0.0	0.0	0.0	0.0	0.010416667
0.0	0.0	0.0	0.0	0.0	0.0	0.0	0.0	0.0	0.0	0.0	0.0	0.0	0.0	0.0	0.0	0.0	0.0	0.0	0.022988506	0.0	0.0	0.0	0.0	0.0	0.0	0.0	0.0	0.02020202	0.0	0.0	0.0	0.0	0.0	0.0	0.0	0.0	0.0	0.0	0.020833334	0.0	0.0	0.0	0.0	0.0	0.0	0.0	0.0	0.0	0.0	0.0	0.011235955	1.0	0.4716981	0.0	0.0	0.0	0.0	0.88596493	0.0	0.0	0.0	0.04385965	0.0	0.0	0.0	0.0	0.0	0.0	0.0	0.0	0.0	0.07438017	0.0	0.0	0.010309278	0.0	0.0	0.0	0.0	0.0	0.0	0.0	0.035714287	0.010204081	0.0	0.0	0.0	0.0	0.0	0.04901961	0.009803922	0.0	0.0	0.0	0.0	0.0	0.0	0.0	0.0
0.0	0.0	0.0	0.0	0.0	0.0	0.0	0.019607844	0.027272727	0.0	0.029411765	0.0	0.0	0.0	0.0	0.0	0.0	0.0	0.0	0.0	0.0	0.0	0.0	0.0	0.0	0.0	0.0	0.0	0.0	0.0	0.0	0.0	0.0	0.0	0.0	0.0	0.0	0.0	0.0	0.0	0.0	0.0	0.0	0.0	0.0	0.04494382	0.0	0.0	0.0	0.0121951215	0.0	0.0	1.0	0.5	0.0	0.0	0.0	0.00990099	0.9306931	0.0	0.0	0.0	0.01980198	0.0	0.0	0.0	0.0	0.0	0.0	0.0	0.0	0.0	0.10655738	0.008196721	0.0	0.0	0.0	0.0	0.0	0.0	0.0	0.0	0.0	0.022727273	0.0	0.0	0.0	0.0	0.0	0.008474576	0.042372882	0.0	0.008474576	0.0	0.0	0.0	0.0	0.010638298	0.0	0.021276595
0.0	0.0	0.0	0.0	0.0	0.0	0.0	0.0	0.0	0.0	0.0	0.0	0.0	0.030612245	0.0	0.0	0.0	0.0	0.0	0.030612245	0.0	0.0	0.0	0.0	0.0	0.0	0.0	0.0	0.0	0.0	0.0	0.0	0.0	0.0	0.0	0.0	0.0	0.0	0.0	0.011494253	0.0	0.0	0.0	0.0	0.0	0.03448276	0.0	0.0	0.025	0.0	0.0	0.010638298	1.0	0.5	0.0	0.0	0.0	0.0	0.96842104	0.0	0.0	0.0	0.010526316	0.0	0.0	0.0	0.0	0.0	0.0	0.0	0.01010101	0.01010101	0.121212125	0.0	0.0	0.0	0.0	0.0	0.0	0.0	0.0	0.01010101	0.008695652	0.017094018	0.0	0.0	0.0	0.0	0.0	0.00990099	0.05940594	0.00990099	0.0	0.0	0.0	0.0	0.0	0.0	0.0	0.016949153
0.0	0.0	0.0	0.0	0.0	0.0	0.0	0.0	0.0	0.0	0.0	0.0	0.0	0.0	0.0	0.0	0.0	0.0	0.0	0.043010753	0.0	0.0	0.0	0.0	0.0	0.0	0.0	0.0	0.016666668	0.0	0.0	0.0	0.0	0.0	0.0	0.0	0.0	0.0	0.0	0.01369863	0.0	0.0	0.0	0.0	0.0	0.02739726	0.0	0.0	0.00877193	0.0	0.0	0.021052632	1.0	0.47368422	0.0	0.0	0.0	0.0	0.8367347	0.0	0.0	0.0	0.020408163	0.0	0.0	0.00952381	0.0	0.0	0.0	0.0	0.0	0.0	0.14150943	0.0	0.0	0.0	0.0	0.0	0.0	0.0	0.0	0.0	0.0	0.021276595	0.0	0.0	0.0	0.008695652	0.0	0.0	0.031914894	0.021276595	0.0	0.0	0.0	0.0	0.0	0.0	0.0	0.0
0.0	0.0	0.0	0.0	0.0	0.0	0.0	0.0	0.0	0.0	0.0	0.0	0.0	0.0	0.0	0.0	0.0	0.0	0.0	0.022988506	0.0	0.0	0.0	0.0	0.0	0.0	0.0	0.0	0.009345794	0.0	0.0	0.0	0.0	0.0	0.0	0.0	0.0	0.0	0.00990099	0.0121951215	0.0	0.0	0.0	0.0	0.0	0.0	0.0	0.0	0.00990099	0.015267176	0.0	0.015267176	1.0	0.4950495	0.0	0.0	0.0	0.0	0.9174312	0.0	0.0	0.0	0.027522936	0.0	0.0	0.0	0.0	0.0	0.0	0.0	0.0	0.0	0.052083332	0.0	0.0	0.0	0.0	0.0	0.0	0.0	0.0	0.0	0.0	0.036363635	0.0	0.0	0.0	0.0	0.0	0.0	0.069565214	0.0	0.0	0.0	0.0	0.0	0.0	0.0	0.0	0.0
0.0	0.0	0.0	0.0	0.0	0.0	0.0	0.0	0.0	0.0	0.0	0.0	0.0	0.0	0.0	0.0	0.0	0.008695652	0.0	0.03125	0.0	0.0	0.0	0.0	0.0121951215	0.0121951215	0.0	0.0	0.0	0.0	0.0	0.0	0.0	0.0	0.0	0.0	0.0	0.0	0.0	0.009090909	0.0	0.0	0.0	0.0	0.0	0.0	0.0	0.0	0.009803922	0.009433962	0.0	0.0	1.0	0.42156863	0.0	0.0	0.0	0.0	0.8352941	0.0	0.0	0.0	0.05882353	0.0	0.0	0.0	0.0	0.0	0.0	0.0	0.0	0.0	0.083333336	0.0	0.0	0.010638298	0.0	0.0	0.0	0.0	0.0	0.0	0.0	0.021052632	0.0	0.0	0.0	0.0	0.0	0.0	0.115384616	0.009615385	0.0	0.0	0.0	0.0	0.0	0.0	0.0	0.0
1.0	1.0	1.0	1.0	0.0	0.0	0.0	0.0	0.0	0.0	0.0	1.0	0.0	1.0	1.0	1.0	1.0	1.0	0.0	1.0	1.0	1.0	1.0	1.0	0.0	0.0	0.0	0.0	1.0	0.0	0.0	1.0	1.0	1.0	0.0	0.0	1.0	1.0	1.0	1.0	1.0	0.0	0.0	1.0	1.0	1.0	1.0	0.0	1.0	1.0	1.0	1.0	1.0	1.0	1.0	0.0	0.0	0.0	1.0	1.0	1.0	1.0	1.0	1.0	1.0	1.0	1.0	1.0	1.0	1.0	0.20833333	0.20833333	1.0	0.0	1.0	1.0	1.0	1.0	0.0	1.0	1.0	1.0	0.0	1.0	1.0	1.0	1.0	1.0	1.0	1.0	1.0	1.0	1.0	1.0	1.0	1.0	1.0	1.0	0.0	1.0
0.0	0.0	0.0	0.0	0.0	0.0	0.0	0.0	0.0	0.0	0.0	0.0	0.0	0.0	0.0	0.0	0.0	0.0	0.0	0.06382979	0.0	0.0	0.0	0.0	0.0	0.0	0.0	0.0	0.0	0.0	0.0	0.0	0.0	0.0	0.0	0.0	0.0	0.0	0.0	0.0	0.0	0.0	0.0	0.0	0.0	0.0	0.0	0.0	0.01010101	0.022727273	0.0	0.0	1.0	0.47474748	0.0	0.0	0.0	0.0	0.83928573	0.0	0.0	0.0	0.035714287	0.0	0.0	0.0	0.0	0.0	0.0	0.0	0.0	0.0	0.086021505	0.0	0.0	0.0	0.0	0.0	0.0	0.0	0.0	0.0	0.0	0.04464286	0.0	0.0	0.0	0.0	0.0	0.0	0.06122449	0.0	0.0	0.0	0.0	0.0	0.0	0.0	0.0	0.0
0.0	0.0	0.0	0.0	0.0	0.0	0.0	0.0	0.0	0.0	0.0	0.0	0.0	0.0	0.0	0.0	0.0	0.0	0.0	0.033333335	0.009803922	0.0	0.0	0.0	0.0	0.0	0.009803922	0.0	0.0	0.0	0.0	0.0	0.0	0.0	0.0	0.0	0.0	0.0	0.0	0.025210084	0.0	0.0	0.0	0.0	0.0	0.0	0.0	0.0	0.009803922	0.0	0.0	0.00952381	1.0	0.48039216	0.0	0.0	0.0	0.0	0.8867925	0.0	0.0	0.0	0.056603774	0.0	0.0	0.0	0.0	0.0	0.0	0.0	0.0	0.0	0.03846154	0.0	0.0	0.009009009	0.0	0.0	0.0	0.0	0.010204081	0.010204081	0.0	0.023255814	0.0	0.0	0.0	0.0	0.0	0.0	0.104166664	0.010416667	0.010416667	0.0	0.0	0.0	0.0	0.0	0.0	0.0
0.0	0.0	0.0	0.0	0.0	0.0	0.0	0.0	0.0	0.0	0.0	0.0	0.0	0.0	0.0	0.0	0.0	0.0	0.0	0.03960396	0.0	0.0	0.0	0.0	0.0	0.0	0.0	0.0	0.009090909	0.0	0.0	0.0	0.0	0.0	0.0	0.0	0.0	0.0	0.0	0.011111111	0.0	0.0	0.0	0.0	0.0	0.044444446	0.0	0.0	0.010416667	0.019607844	0.0	0.0	1.0	0.48958334	0.0	0.0	0.0	0.0	0.95652175	0.0	0.0	0.0	0.032608695	0.0	0.0	0.0	0.0	0.0	0.0	0.0	0.0	0.0	0.06382979	0.0	0.0	0.0	0.0033444816	0.0	0.0	0.0	0.0	0.0	0.0	0.0	0.0	0.0	0.0	0.0	0.010416667	0.010416667	0.072916664	0.010416667	0.010416667	0.010416667	0.010416667	1.0	0.0	0.0	0.0	0.0
0.0	0.0	0.0	0.0	0.0	0.0	0.0	0.0	0.0	0.0	0.0	0.0	0.0	0.0	0.0	0.0	0.0	0.0	0.0	0.07619048	0.0	0.0	0.0	0.0	0.0	0.0	0.0	0.0	0.010309278	0.0	0.0	0.0	0.0	0.0	0.0	0.0	0.0	0.0	0.0	0.00952381	0.0	0.0	0.0	0.0	0.0	0.114285715	0.0	0.0	0.018181818	0.01010101	0.0	0.01010101	1.0	0.4909091	0.0	0.0	0.0	0.0	0.8924731	0.008695652	0.0	0.0	0.086021505	0.0	0.0	0.0	0.0	0.0	0.0	0.0	0.0	0.0	0.07692308	0.0	0.0	0.0	0.0	0.0	0.0	0.0	0.0	0.0	0.0	0.021052632	0.0	0.0	0.0	0.0	0.0	0.0	0.011904762	0.0	0.0	0.0	0.0	1.0	0.0	0.0	0.0	0.0
0.0	0.0	0.0	0.0	0.0	0.0	0.0	0.0	0.0	0.0	0.0	0.0	0.0	0.0	0.0	0.0	0.0	0.0	0.0	0.03125	0.009345794	0.0	0.0	0.0	0.0	0.0	0.0	0.0	0.0	0.0	0.0	0.0	0.0	0.0	0.0	0.0	0.0	0.0	0.0	0.017391304	0.0	0.0	0.0	0.0	0.0	0.017391304	0.0	0.0	0.009803922	0.010416667	0.0	0.0	1.0	0.47058824	0.0	0.0	0.0	0.0	1.0	0.0	0.0	0.0	0.03883495	0.0	0.008928572	0.0	0.0	0.0	0.0	0.0	0.0	0.0	0.05319149	0.0	0.0	0.0	0.0	0.0	0.0	0.0	0.0	0.0	0.0	0.010752688	0.0	0.0	0.0	0.0	0.0	0.0	0.056818184	0.0	0.0	0.0	0.0	0.0	0.0	0.0	0.0	0.0
0.0	0.0	0.0	0.0	0.0	0.0	0.0	0.0	0.0	0.0	0.0	0.0	0.0	0.0	0.0	0.011494253	0.0	0.0	0.0	0.022988506	0.0	0.0	0.0	0.0	0.0	0.008928572	0.0	0.0	0.010309278	0.0	0.0	0.0	0.0	0.0	0.0	0.0	0.0	0.0	0.0	0.0	0.0	0.0	0.0	0.0	0.0	0.030612245	0.0	0.0	0.011627907	0.010752688	0.0	0.0	1.0	0.5116279	0.0	0.0	0.0	0.0	1.0	0.0	0.0	0.0	0.03846154	0.0	0.0	0.0	0.0	0.0	0.0	0.0	0.0	0.0	0.052173913	0.0	0.0	0.010204081	0.0	0.0	0.0	0.0	0.0	0.0	0.0	0.030303031	0.0	0.0	0.0	0.009009009	0.0	0.0	0.106796116	0.0	0.0	0.0	0.0	0.0	0.0	0.0	0.0	0.0
0.0	0.0	0.0	0.0	0.0	0.0	0.0	0.0	0.0	0.0	0.0	0.0	0.0	0.0	0.0	0.034782607	0.0	0.0	0.0	0.04347826	0.0	0.0	0.0	0.0	0.010204081	0.0	0.0	0.0	0.0	0.0	0.0	0.0	0.0	0.0	0.0	0.0	0.0	0.0	0.008928572	0.0	0.0	0.0	0.0	0.0	0.0	0.017857144	0.0	0.0	0.0	0.010869565	0.0	0.010869565	1.0	0.49107143	0.0	0.0	0.0	0.0	1.0	0.0	0.0	0.0	0.045045044	0.0	0.0	0.0	0.0	0.0	0.0	0.0	0.0	0.0	0.08163265	0.0	0.0	0.0	0.0	0.0	0.0	0.0	0.0	0.0	0.0	0.011235955	0.0	0.0	0.0	0.0	0.0	0.0	0.096491225	0.0	0.0	0.0	0.01754386	0.0	0.0	0.0	0.0	0.0
0.0	0.0	0.0	0.0	0.0	0.0	0.0	0.0	0.0	0.0	0.0	0.0	0.0	0.0	0.0	0.0	0.0	0.0	0.0	0.06818182	0.0	0.0	0.0	0.0	0.0	0.0	0.0	0.0	0.0	0.0	0.0	0.0	0.0	0.0	0.0	0.0	0.0	0.0	0.0	0.010526316	0.0	0.0	0.0	0.0	0.0	0.0	0.0	0.0	0.02	0.030927835	0.0	0.0	1.0	0.47	0.0	0.0	0.0	0.0	0.8867925	0.0	0.0	0.0	0.047169812	0.00952381	0.0	0.0	0.0	0.0	0.0	0.0	0.010309278	0.0	0.072164945	0.0	0.0	0.0	0.0	0.0	0.0	0.0	0.0	0.0	0.0	0.018691588	0.0	0.0	0.0	0.0	0.0	0.0	0.068627454	0.0	0.0	0.0	0.0	0.0	0.0	0.0	0.0	0.0
0.0	0.0	0.0	0.0	0.0	0.0	0.0	0.0	0.0	0.0	0.0	0.0	0.0	0.0	0.0	0.0	0.0	0.0	0.0	0.03809524	0.0	0.0	0.0	0.0	0.0	0.0	0.0	0.0	0.009615385	0.0	0.0	0.0	0.0	0.0	0.0	0.0	0.0	0.0	0.0	0.010416667	0.0	0.0	0.0	0.0	0.0	0.083333336	0.0	0.0	0.0	0.020618556	0.0	0.010309278	1.0	0.5048544	0.0	0.0	0.0	0.0	0.90384614	0.0	0.0	0.0	0.057692308	0.0	0.0	0.0	0.0	0.0	0.0	0.0	0.0	0.0	0.074074075	0.0	0.0	0.0	0.0	0.0	0.0	0.0	0.0	0.0	0.0	0.0	0.0	0.0	0.0	0.0	0.0	0.0	0.075	0.0	0.0	0.0	0.0	0.0	0.0	0.0	0.0	0.0
0.0	0.0091743115	0.0	0.0	0.0	0.0	0.0	0.0	0.0	0.0	0.0	0.0	0.0	0.0	0.0	0.0	0.0	0.0	0.0	0.02173913	0.0	0.0	0.0	0.0	0.0	0.0	0.0	0.0	0.010989011	0.0	0.0	0.0	0.0	0.0	0.0	0.0	0.0	0.0	0.0	0.0	0.0	0.0	0.0	0.00990099	0.008474576	0.0	0.0	0.0	0.0	0.019607844	0.0	0.0	1.0	0.4661017	0.0	0.0	0.0	0.0	0.86238533	0.0	0.0	0.0	0.027522936	0.0	0.0	0.0	0.0	0.0	0.0	0.0	0.0	0.0	0.07619048	0.0	0.0	0.010204081	0.0	0.0	0.0	0.0	0.0	0.0	0.0	0.057692308	0.0	0.0	0.0	0.0	0.0	0.0	0.06542056	0.0	0.0	0.009345794	0.0	0.0	0.0	0.0	0.0	0.0
0.0	0.0	0.0	0.0	0.0	0.0	0.0	0.00990099	0.020618556	0.0	0.0	0.0	0.0	0.0	0.0	0.0	0.0	0.0	0.0	0.028846154	0.0	0.0	0.010752688	0.0	0.0	0.0	0.0	0.0	0.0	0.0	0.0	0.0	0.0	0.0	0.0	0.0	0.0	0.0	0.0	0.009803922	0.0	0.0	0.0	0.0	0.0	0.009803922	0.0	0.0	0.0	0.017857144	0.0	0.0	1.0	0.4695652	0.0	0.0	0.0	0.020618556	0.91752577	0.0	0.0	0.0	0.041237112	0.009090909	0.0	0.0	0.0	0.0	0.0	0.0	0.0	0.0	0.052173913	0.008695652	0.0	0.00952381	0.0	0.0	0.0	0.0	0.0	0.0	0.0	0.010638298	0.0	0.0	0.0	0.0	0.0	0.0	0.06382979	0.0	0.0	0.0	0.0	0.0	0.0	0.0	0.0	0.0
0.0	0.0	0.0	0.0	0.0	0.0	0.0	0.0	0.0	0.0	0.0	0.0	0.0	0.0	0.0	0.0	0.0	0.0	0.0	0.067961164	0.0	0.009433962	0.0	0.0	0.0	0.0	0.0	0.011235955	0.0	0.0	0.0	0.0	0.0	0.0	0.0	0.0	0.0	0.0	0.009803922	0.018018018	0.0	0.0	0.0	0.0	0.0	0.018018018	0.009009009	0.0	0.009803922	0.009345794	0.0	0.0	1.0	0.49019608	0.0	0.0	0.0	0.0	1.0	0.0	0.0	0.0	0.046728972	0.0	0.0	0.011627907	0.0	0.0	0.011627907	0.0	0.0	0.0	0.02970297	0.0	0.0	0.0	0.0	0.0	0.0	0.0	0.0	0.0	0.0	0.011627907	0.0	0.0	0.0	0.0	0.0	0.0	0.08571429	0.0	0.0	0.0	0.0	0.0	0.0	0.0	0.0	0.0
0.0	0.0	0.0	0.0	0.0	0.0	0.0	0.0	0.0	0.0	0.0	0.0	0.0	0.0	0.0	0.0	0.0	0.0	0.0	0.04255319	0.0	0.0	0.008695652	0.0	0.0	0.0	0.0	0.0	0.0	0.0	0.0	0.0	0.0	0.0	0.0	0.0	0.0	0.0	0.0	0.0	0.0	0.0	0.0	0.0	0.0	0.0	0.0	0.0	0.0	0.01904762	0.0	0.0	1.0	0.48	0.0	0.0	0.0	0.0	0.90425533	0.0	0.0	0.0	0.031914894	0.0	0.0	0.0	0.0	0.0	0.0	0.0	0.0	0.0	0.104166664	0.0	0.0	0.0	0.0	0.0	0.0	0.0	0.0	0.0	0.0	0.012820513	0.0	0.0	0.0	0.009615385	0.0	0.0	0.1495327	0.0	0.0	0.0	0.0	0.0	0.0	0.0	0.0	0.0
0.0	0.0	0.015873017	0.007936508	0.0	0.0	0.0	0.0	0.0	0.0	0.0	0.0	0.0	0.0	0.0	0.0	0.008695652	0.0	0.0	0.021505376	0.0	0.008695652	0.0	0.011235955	0.0	0.0	0.0	0.0	0.008547009	0.0	0.0	0.0	0.0	0.0	0.0	0.0	0.0	0.0	0.010869565	0.010869565	0.0	0.0	0.0	0.0	0.0	0.054347824	0.0	0.0	0.010869565	0.0	0.0	0.23404256	1.0	0.5	0.0	0.0	0.0	0.0	0.9325843	0.009433962	0.0	0.02247191	0.02247191	0.0	0.0	0.0	0.0	0.0	0.0	0.0	0.0	0.0	0.056818184	0.0	0.022727273	0.0	0.0	0.0	0.0	0.0	0.01	0.0	0.0	0.0	0.0	0.0	0.0	0.0	0.0	0.0	0.056603774	0.0	0.0	0.009433962	0.0	0.0	0.0	0.0	0.0	0.0
0.0	0.0	0.0	0.0	0.0	0.0	0.0	0.0	0.0	0.0	0.0	0.0	0.0	0.0	0.0	0.0	0.011627907	0.0	0.0	0.021052632	0.0	0.0	0.0	0.0	0.0	0.0	0.0	0.0	0.0	0.0	0.0	0.0	0.0	0.0	0.0	0.0	0.0	0.0	0.0	0.0	0.0	0.0	0.0	0.0	0.0	0.0	0.0	0.0	0.013513514	0.027522936	0.0	0.018348623	1.0	0.4864865	0.0	0.0	0.0	0.0	0.8761905	0.0	0.0	0.0	0.06666667	0.0	0.0	0.0	0.0	0.0	0.0	0.0	0.0	0.0	0.06818182	0.0	0.0	0.0	0.0	0.0	0.0	0.0	0.0	0.0	0.0	0.017857144	0.0	0.0	0.0	0.0	0.0	0.0	0.06382979	0.0	0.0	0.0	0.0	0.0	0.0	0.0	0.0	0.0
0.00877193	0.00877193	0.0	0.00877193	0.0	0.0	0.0	0.0	0.0	0.0	0.008064516	0.01010101	0.0	0.0	0.008064516	0.0	0.0	0.0	0.0	0.030303031	0.010204081	0.008064516	0.0	0.0	0.020408163	0.020408163	0.010204081	0.0	0.016	0.0	0.0	0.011494253	0.0	0.0	0.0	0.0	0.0	0.0	0.0	0.0	0.0	0.008928572	0.008928572	0.008928572	0.009090909	0.26785713	0.0	0.0	0.0	0.0125	0.0	0.0125	1.0	0.45454547	0.0	0.0	0.0	0.0	0.9166667	0.0	0.0	0.0	0.023809524	0.0	0.0	0.0	0.0	0.0	0.0	0.0	0.0	0.0	0.09677419	0.0	0.0	0.009708738	0.0033670033	0.0	0.0	0.0	0.0	0.010309278	0.0	0.03	0.0	0.0	0.0	0.021978023	0.0	0.0	0.0776699	0.009708738	0.0	0.009708738	0.0	0.0	0.0	0.010869565	0.0	0.0
0.0	0.0	0.0	0.0	0.0	0.0	0.0	0.00990099	0.0	0.00990099	0.00990099	0.0	0.00990099	0.0	0.0	0.0	0.0	0.0	0.0	0.04040404	0.0	0.0	0.0	0.0	0.008333334	0.0	0.0	0.0	0.0	0.0	0.0	0.0	0.0	0.0	0.0	0.0	0.0	0.0	0.0	0.0	0.0	0.0	0.0	0.0	0.0	0.0	0.0	0.0	0.009615385	0.018867925	0.0	0.0	1.0	0.47115386	0.0	0.0	0.0	0.0	0.8979592	0.0	0.0	0.0	0.040816326	0.0	0.0	0.0	0.0	0.0	0.0	0.0	0.0	0.0	0.027272727	0.0	0.0	0.0	0.0	0.0	0.0	0.0	0.0	0.0	0.0	0.03448276	0.0	0.0	0.0	0.0	0.0	0.0	0.058139537	0.0	0.0	0.0	0.0	0.0	0.0	0.0	0.0	0.0
0.0	0.0	0.0	0.0	0.0	0.0	0.0	0.0	0.0	0.0	0.0	0.0	0.010869565	0.0	0.010869565	0.0	0.010869565	0.010869565	0.0	0.023529412	0.0	0.0	0.0	0.010752688	0.0	0.0	0.0	0.0	0.0	0.0	0.0	0.0	0.0	0.0	0.0	0.018691588	0.0	0.0	0.017094018	0.019607844	0.008547009	0.0	0.0	0.0	0.008547009	0.009803922	0.019607844	0.0	0.017094018	0.0	0.0	0.0	1.0	0.47863248	0.010869565	0.010869565	0.0	0.0	0.89215684	0.0	0.0	0.0	0.039215688	0.0	0.0	0.0	0.0	0.0	0.0	0.0	0.0	0.0	0.052083332	0.020833334	0.010416667	0.0	0.006993007	0.012048192	0.0	0.0	0.0	0.0	0.0	0.02020202	0.0	0.0	0.01	0.01	0.0	0.0	0.0776699	0.009708738	0.0	0.009708738	0.009708738	0.01010101	0.0	0.0	0.0	0.0
0.0	0.0	0.0	0.0	0.0	0.0	0.0	0.0	0.0	0.0	0.0	0.0	0.0	0.0	0.0	0.0	0.0	0.0	0.0	0.04819277	0.0	0.0	0.0	0.0	0.0	0.010204081	0.0	0.0	0.009615385	0.0	0.0	0.0	0.0	0.0	0.0	0.0	0.0	0.0	0.010526316	0.009259259	0.0	0.0	0.0	0.0	0.0	0.009259259	0.0	0.0	0.0	0.008196721	0.010526316	0.0	1.0	0.47368422	0.0	0.0	0.0	0.0	0.9183673	0.0	0.0	0.0	0.040816326	0.0	0.0	0.0	0.0	0.0	0.0	0.0	0.0	0.0	0.036036037	0.0	0.0	0.0	0.0	0.0	0.0	0.0	0.0	0.0	0.0	0.009803922	0.0	0.0	0.0	0.0	0.0	0.0	0.09821428	0.0	0.0	0.0	0.0	0.0	0.0	0.0	0.0	0.010752688